State	Year-Quarter	Average Price	Median Price
US	2000.00	151780	125839
US	2000.25	156640	129682
US	2000.50	159992	132229
US	2000.75	162280	133976
US	2001.00	165042	136041
US	2001.25	169103	139396
US	2001.50	172401	142066
US	2001.75	173836	143273
US	2002.00	176125	145167
US	2002.25	181932	149971
US	2002.50	186200	153684
US	2002.75	188517	156064
US	2003.00	190666	158276
US	2003.25	195968	162913
US	2003.50	200897	167241
US	2003.75	204227	170483
US	2004.00	207787	173706
US	2004.25	216736	181368
US	2004.50	223330	187454
US	2004.75	228014	191738
US	2005.00	233540	196792
US	2005.25	243226	205493
US	2005.50	251246	212611
US	2005.75	255357	216396
US	2006.00	258060	218853
US	2006.25	263336	223234
US	2006.50	264185	223897
US	2006.75	262391	222314
US	2007.00	260655	220729
US	2007.25	261131	220901
US	2007.50	257231	217340
US	2007.75	248203	209444
US	2008.00	239418	201688
US	2008.25	235779	198428
US	2008.50	229532	193009
US	2008.75	218349	183464
US	2009.00	211055	177236
US	2009.25	212347	178376
US	2009.50	213983	179773
US	2009.75	212810	178813
US	2010.00	208507	175150
US	2010.25	214594	180176
AK	2000.00	159887	148406
AK	2000.25	166115	153989
AK	2000.50	166536	154215
AK	2000.75	165892	153208
AK	2001.00	168500	155637
AK	2001.25	173264	159871
AK	2001.50	175048	161249
AK	2001.75	177433	163249
AK	2002.00	175754	161283
AK	2002.25	181469	166536
AK	2002.50	184992	169376
AK	2002.75	185335	169719
AK	2003.00	189930	173874
AK	2003.25	191422	174999
AK	2003.50	194297	177637
AK	2003.75	197648	180618
AK	2004.00	201036	183544
AK	2004.25	208921	190242
AK	2004.50	212760	193471
AK	2004.75	215168	195223
AK	2005.00	223116	201983
AK	2005.25	230912	209140
AK	2005.50	239020	216474
AK	2005.75	240658	218128
AK	2006.00	244673	221543
AK	2006.25	253254	229771
AK	2006.50	257890	234228
AK	2006.75	257267	233691
AK	2007.00	255539	232378
AK	2007.25	266963	242723
AK	2007.50	265348	241502
AK	2007.75	261806	238102
AK	2008.00	255563	232344
AK	2008.25	262607	238788
AK	2008.50	264579	240408
AK	2008.75	255108	231877
AK	2009.00	263611	240012
AK	2009.25	263559	240542
AK	2009.50	258839	236633
AK	2009.75	258650	236921
AK	2010.00	253296	232280
AK	2010.25	263931	241750
AL	2000.00	112059	95800
AL	2000.25	113114	96711
AL	2000.50	113934	97330
AL	2000.75	114645	97757
AL	2001.00	115667	98615
AL	2001.25	117095	99973
AL	2001.50	117692	100372
AL	2001.75	118598	100980
AL	2002.00	119181	101424
AL	2002.25	120692	102659
AL	2002.50	122459	104145
AL	2002.75	123770	105227
AL	2003.00	125190	106260
AL	2003.25	126787	107473
AL	2003.50	129213	109365
AL	2003.75	129937	109838
AL	2004.00	130044	109873
AL	2004.25	133034	112193
AL	2004.50	136217	114711
AL	2004.75	138186	116313
AL	2005.00	140834	118309
AL	2005.25	144961	121646
AL	2005.50	147957	124018
AL	2005.75	151382	126962
AL	2006.00	155206	130112
AL	2006.25	159045	133237
AL	2006.50	160028	133947
AL	2006.75	160952	134610
AL	2007.00	161963	135430
AL	2007.25	163890	136979
AL	2007.50	163822	136877
AL	2007.75	161288	134748
AL	2008.00	160548	134181
AL	2008.25	161279	134868
AL	2008.50	159344	133276
AL	2008.75	155396	130043
AL	2009.00	153833	128671
AL	2009.25	157640	131862
AL	2009.50	156953	131482
AL	2009.75	155248	130176
AL	2010.00	150343	126515
AL	2010.25	153099	128969
AR	2000.00	90979	78522
AR	2000.25	93186	80344
AR	2000.50	92914	79967
AR	2000.75	94746	81400
AR	2001.00	95404	81758
AR	2001.25	97110	83222
AR	2001.50	98921	84697
AR	2001.75	99591	85214
AR	2002.00	101069	86337
AR	2002.25	102273	87240
AR	2002.50	104539	89150
AR	2002.75	104992	89419
AR	2003.00	107365	91427
AR	2003.25	108116	92147
AR	2003.50	110615	94125
AR	2003.75	110787	94225
AR	2004.00	113078	95914
AR	2004.25	115625	97912
AR	2004.50	117440	99408
AR	2004.75	119321	100952
AR	2005.00	122707	103854
AR	2005.25	124204	105146
AR	2005.50	127871	108296
AR	2005.75	129984	110116
AR	2006.00	131260	111259
AR	2006.25	134196	113705
AR	2006.50	135559	114829
AR	2006.75	136320	115385
AR	2007.00	137348	116286
AR	2007.25	139138	117858
AR	2007.50	139900	118435
AR	2007.75	137959	116865
AR	2008.00	137698	116835
AR	2008.25	138212	117296
AR	2008.50	138416	117772
AR	2008.75	134136	114214
AR	2009.00	133810	114314
AR	2009.25	136375	116962
AR	2009.50	138435	119079
AR	2009.75	137123	118260
AR	2010.00	134990	116762
AR	2010.25	139124	120560
AZ	2000.00	214913	124371
AZ	2000.25	224380	126866
AZ	2000.50	226709	128346
AZ	2000.75	223957	129577
AZ	2001.00	224887	130653
AZ	2001.25	225150	133381
AZ	2001.50	224610	134698
AZ	2001.75	223111	135843
AZ	2002.00	220568	136891
AZ	2002.25	222979	139521
AZ	2002.50	223622	141045
AZ	2002.75	222823	142587
AZ	2003.00	213908	144509
AZ	2003.25	215830	147422
AZ	2003.50	212945	149961
AZ	2003.75	216347	153006
AZ	2004.00	218421	156936
AZ	2004.25	225786	163014
AZ	2004.50	228970	171286
AZ	2004.75	240272	181057
AZ	2005.00	253410	193635
AZ	2005.25	268264	212106
AZ	2005.50	290436	230462
AZ	2005.75	298443	240730
AZ	2006.00	304766	248211
AZ	2006.25	312687	254590
AZ	2006.50	312950	254655
AZ	2006.75	310911	252727
AZ	2007.00	307416	249599
AZ	2007.25	303337	245917
AZ	2007.50	292675	236841
AZ	2007.75	277359	224075
AZ	2008.00	262182	211527
AZ	2008.25	247428	199707
AZ	2008.50	228897	185361
AZ	2008.75	206388	167384
AZ	2009.00	188271	153018
AZ	2009.25	185037	150651
AZ	2009.50	184431	150003
AZ	2009.75	184690	150065
AZ	2010.00	180163	145994
AZ	2010.25	182553	147669
CA	2000.00	276912	211595
CA	2000.25	290722	223084
CA	2000.50	300271	229931
CA	2000.75	309806	237466
CA	2001.00	318995	244646
CA	2001.25	325325	249987
CA	2001.50	330684	254421
CA	2001.75	330703	255572
CA	2002.00	339346	262824
CA	2002.25	357356	277744
CA	2002.50	369879	289038
CA	2002.75	374748	296140
CA	2003.00	379330	303065
CA	2003.25	394507	317058
CA	2003.50	411213	332306
CA	2003.75	423961	347305
CA	2004.00	443938	366422
CA	2004.25	475132	395096
CA	2004.50	497120	418315
CA	2004.75	510719	433090
CA	2005.00	529718	452599
CA	2005.25	556851	479196
CA	2005.50	579640	501917
CA	2005.75	589416	512649
CA	2006.00	596236	519231
CA	2006.25	603563	525761
CA	2006.50	599305	522192
CA	2006.75	588585	512842
CA	2007.00	578003	503230
CA	2007.25	569466	494765
CA	2007.50	548889	475656
CA	2007.75	512118	442517
CA	2008.00	471624	405886
CA	2008.25	448527	384753
CA	2008.50	422404	361489
CA	2008.75	391248	333896
CA	2009.00	365775	311624
CA	2009.25	365711	310985
CA	2009.50	375271	318326
CA	2009.75	379222	321117
CA	2010.00	378054	319578
CA	2010.25	391609	330037
CO	2000.00	190942	163616
CO	2000.25	198368	169611
CO	2000.50	204332	174371
CO	2000.75	210160	178347
CO	2001.00	221643	183643
CO	2001.25	226641	187295
CO	2001.50	231101	190554
CO	2001.75	233334	190689
CO	2002.00	236851	192898
CO	2002.25	241548	196477
CO	2002.50	243229	197892
CO	2002.75	243671	198158
CO	2003.00	244913	198887
CO	2003.25	246934	200440
CO	2003.50	248362	201568
CO	2003.75	250304	202632
CO	2004.00	251612	203287
CO	2004.25	257590	207122
CO	2004.50	261198	209025
CO	2004.75	264385	210735
CO	2005.00	268028	213186
CO	2005.25	275251	218286
CO	2005.50	278998	220478
CO	2005.75	282731	222640
CO	2006.00	279350	223424
CO	2006.25	286413	228039
CO	2006.50	289508	230041
CO	2006.75	286119	228211
CO	2007.00	283502	226029
CO	2007.25	289899	230631
CO	2007.50	288748	229393
CO	2007.75	280208	222413
CO	2008.00	275143	217986
CO	2008.25	277908	220060
CO	2008.50	274087	216946
CO	2008.75	262924	208578
CO	2009.00	260835	206775
CO	2009.25	266450	212434
CO	2009.50	267654	214867
CO	2009.75	265297	214022
CO	2010.00	260061	210270
CO	2010.25	267924	217558
CT	2000.00	222994	177600
CT	2000.25	232693	184460
CT	2000.50	238864	188702
CT	2000.75	242567	191128
CT	2001.00	244284	191731
CT	2001.25	254905	199589
CT	2001.50	260897	203895
CT	2001.75	264019	205979
CT	2002.00	265029	206535
CT	2002.25	278559	216835
CT	2002.50	287216	223295
CT	2002.75	293292	228083
CT	2003.00	295721	229696
CT	2003.25	306402	237997
CT	2003.50	315952	245492
CT	2003.75	321788	249716
CT	2004.00	326995	253119
CT	2004.25	344673	266383
CT	2004.50	356236	275526
CT	2004.75	362148	280361
CT	2005.00	368197	285928
CT	2005.25	384250	299054
CT	2005.50	395439	308286
CT	2005.75	399880	312157
CT	2006.00	399128	312162
CT	2006.25	406989	318130
CT	2006.50	405356	317297
CT	2006.75	403125	315864
CT	2007.00	399419	312416
CT	2007.25	400642	312995
CT	2007.50	401470	312818
CT	2007.75	391806	304527
CT	2008.00	375896	292013
CT	2008.25	374911	291214
CT	2008.50	372316	288765
CT	2008.75	351633	273324
CT	2009.00	335496	261498
CT	2009.25	338600	264642
CT	2009.50	344310	269084
CT	2009.75	343948	269108
CT	2010.00	326239	255298
CT	2010.25	341436	266845
DC	2000.00	207696	157089
DC	2000.25	224523	168031
DC	2000.50	231585	171273
DC	2000.75	235474	172586
DC	2001.00	238373	172733
DC	2001.25	259930	185591
DC	2001.50	276665	194994
DC	2001.75	288640	201233
DC	2002.00	294188	202531
DC	2002.25	316598	217371
DC	2002.50	326902	224497
DC	2002.75	332921	228904
DC	2003.00	339415	233615
DC	2003.25	356384	245428
DC	2003.50	372072	256332
DC	2003.75	379685	261684
DC	2004.00	377444	261677
DC	2004.25	394955	275692
DC	2004.50	410597	288600
DC	2004.75	443075	311648
DC	2005.00	444610	318140
DC	2005.25	461242	333148
DC	2005.50	470168	343910
DC	2005.75	472801	348629
DC	2006.00	476376	355898
DC	2006.25	519688	393050
DC	2006.50	534748	409645
DC	2006.75	537740	415024
DC	2007.00	539249	419726
DC	2007.25	522441	409835
DC	2007.50	534480	421280
DC	2007.75	518776	409345
DC	2008.00	513559	407150
DC	2008.25	504035	401173
DC	2008.50	496906	396890
DC	2008.75	479640	382978
DC	2009.00	468019	372519
DC	2009.25	485239	387887
DC	2009.50	491199	392080
DC	2009.75	482381	386352
DC	2010.00	475001	379016
DC	2010.25	506654	404380
DE	2000.00	151961	136614
DE	2000.25	155302	139155
DE	2000.50	158733	142120
DE	2000.75	164238	146591
DE	2001.00	165672	147554
DE	2001.25	168087	149023
DE	2001.50	171656	151665
DE	2001.75	176754	155650
DE	2002.00	178957	157275
DE	2002.25	184828	162152
DE	2002.50	193184	168761
DE	2002.75	195027	169905
DE	2003.00	199070	173078
DE	2003.25	204747	177839
DE	2003.50	210306	182071
DE	2003.75	219594	189406
DE	2004.00	225558	193058
DE	2004.25	234741	200448
DE	2004.50	246142	209603
DE	2004.75	253165	215208
DE	2005.00	256786	218020
DE	2005.25	270860	230291
DE	2005.50	280466	238631
DE	2005.75	290671	247461
DE	2006.00	293790	250061
DE	2006.25	297254	253541
DE	2006.50	302427	258431
DE	2006.75	301701	258328
DE	2007.00	294958	252952
DE	2007.25	298481	256396
DE	2007.50	293955	253163
DE	2007.75	289797	249970
DE	2008.00	281409	242811
DE	2008.25	275891	237922
DE	2008.50	272102	235186
DE	2008.75	263297	228027
DE	2009.00	254868	221584
DE	2009.25	259306	226222
DE	2009.50	252928	221198
DE	2009.75	255617	223761
DE	2010.00	240480	210901
DE	2010.25	247793	216902
FL	2000.00	132020	104326
FL	2000.25	135866	106929
FL	2000.50	139053	108968
FL	2000.75	142416	111097
FL	2001.00	146083	113448
FL	2001.25	150482	116492
FL	2001.50	154795	119586
FL	2001.75	158129	122195
FL	2002.00	161500	124770
FL	2002.25	166484	128958
FL	2002.50	170773	132771
FL	2002.75	175160	136228
FL	2003.00	179434	139718
FL	2003.25	185168	144363
FL	2003.50	190944	148896
FL	2003.75	197261	153905
FL	2004.00	204502	159566
FL	2004.25	215532	168297
FL	2004.50	227865	178057
FL	2004.75	239228	187448
FL	2005.00	253079	198783
FL	2005.25	271441	213817
FL	2005.50	288508	228067
FL	2005.75	300390	238361
FL	2006.00	307256	244583
FL	2006.25	312639	249393
FL	2006.50	312078	249360
FL	2006.75	308050	246497
FL	2007.00	303518	242906
FL	2007.25	297337	238489
FL	2007.50	282990	227166
FL	2007.75	267614	214618
FL	2008.00	250687	200877
FL	2008.25	236806	189446
FL	2008.50	223340	178351
FL	2008.75	206579	164830
FL	2009.00	191931	153065
FL	2009.25	186466	148494
FL	2009.50	186251	148008
FL	2009.75	186080	147378
FL	2010.00	180836	142743
FL	2010.25	183843	144501
GA	2000.00	140236	120579
GA	2000.25	143649	123226
GA	2000.50	145857	124845
GA	2000.75	147738	126016
GA	2001.00	150112	127799
GA	2001.25	153089	130133
GA	2001.50	154916	131385
GA	2001.75	156868	132715
GA	2002.00	158345	133518
GA	2002.25	161092	135521
GA	2002.50	163092	136848
GA	2002.75	164691	137914
GA	2003.00	166166	138831
GA	2003.25	167693	139987
GA	2003.50	169779	141588
GA	2003.75	170527	142119
GA	2004.00	172031	142973
GA	2004.25	174895	145055
GA	2004.50	177540	146995
GA	2004.75	179614	148470
GA	2005.00	182571	150829
GA	2005.25	185374	153013
GA	2005.50	188531	155395
GA	2005.75	190553	157151
GA	2006.00	191399	157533
GA	2006.25	195244	160246
GA	2006.50	195440	160334
GA	2006.75	195871	160538
GA	2007.00	195748	160456
GA	2007.25	195380	159928
GA	2007.50	192574	157717
GA	2007.75	188138	153925
GA	2008.00	184057	150369
GA	2008.25	181497	148049
GA	2008.50	175575	143082
GA	2008.75	167984	136598
GA	2009.00	162949	132359
GA	2009.25	162666	132044
GA	2009.50	161807	131366
GA	2009.75	158201	128434
GA	2010.00	154968	125626
GA	2010.25	159657	129446
HI	2000.00	293415	241379
HI	2000.25	302533	247629
HI	2000.50	307831	249905
HI	2000.75	311570	252001
HI	2001.00	321125	257853
HI	2001.25	328735	263198
HI	2001.50	333721	267141
HI	2001.75	341364	272457
HI	2002.00	346514	275703
HI	2002.25	362982	288003
HI	2002.50	377717	300370
HI	2002.75	380847	305817
HI	2003.00	394958	317582
HI	2003.25	401151	328551
HI	2003.50	417467	342503
HI	2003.75	442726	363538
HI	2004.00	463796	380670
HI	2004.25	489103	403298
HI	2004.50	522906	431711
HI	2004.75	536827	445867
HI	2005.00	558521	466551
HI	2005.25	598943	502338
HI	2005.50	630171	530527
HI	2005.75	640369	541487
HI	2006.00	648315	550058
HI	2006.25	674123	571578
HI	2006.50	680352	576085
HI	2006.75	688539	581690
HI	2007.00	692564	584871
HI	2007.25	700011	591704
HI	2007.50	696546	587686
HI	2007.75	675358	570409
HI	2008.00	663168	559304
HI	2008.25	671326	565998
HI	2008.50	651846	547782
HI	2008.75	629959	530113
HI	2009.00	615073	519127
HI	2009.25	593203	501318
HI	2009.50	602755	512032
HI	2009.75	593683	505283
HI	2010.00	596863	508661
HI	2010.25	587760	499837
IA	2000.00	102435	89147
IA	2000.25	104684	91055
IA	2000.50	106594	92664
IA	2000.75	105648	91774
IA	2001.00	106658	92626
IA	2001.25	109177	94831
IA	2001.50	110050	95569
IA	2001.75	110683	96088
IA	2002.00	110320	95689
IA	2002.25	113284	98251
IA	2002.50	114685	99336
IA	2002.75	115041	99646
IA	2003.00	115668	100042
IA	2003.25	117302	101393
IA	2003.50	118255	102102
IA	2003.75	118677	102357
IA	2004.00	118876	102477
IA	2004.25	122117	105140
IA	2004.50	123526	106200
IA	2004.75	125046	107372
IA	2005.00	124818	107195
IA	2005.25	128477	110242
IA	2005.50	129380	110887
IA	2005.75	129888	111197
IA	2006.00	131072	112018
IA	2006.25	133171	113469
IA	2006.50	133845	113797
IA	2006.75	132702	112635
IA	2007.00	132163	112016
IA	2007.25	134769	114125
IA	2007.50	136126	115277
IA	2007.75	133720	112968
IA	2008.00	132472	111849
IA	2008.25	134917	113891
IA	2008.50	135822	114722
IA	2008.75	134697	113823
IA	2009.00	131285	110648
IA	2009.25	135399	114185
IA	2009.50	138030	116506
IA	2009.75	137433	115966
IA	2010.00	135523	114494
IA	2010.25	139543	118036
ID	2000.00	111286	97004
ID	2000.25	112847	98475
ID	2000.50	113897	99200
ID	2000.75	114537	99620
ID	2001.00	117481	102027
ID	2001.25	119483	103691
ID	2001.50	120964	104780
ID	2001.75	120158	103905
ID	2002.00	120441	104033
ID	2002.25	124575	107351
ID	2002.50	125313	107827
ID	2002.75	125989	108224
ID	2003.00	128169	109871
ID	2003.25	130786	111852
ID	2003.50	134537	114857
ID	2003.75	135724	115783
ID	2004.00	135372	115404
ID	2004.25	143905	122318
ID	2004.50	148906	126213
ID	2004.75	150619	127474
ID	2005.00	155878	131763
ID	2005.25	164272	138546
ID	2005.50	176421	148473
ID	2005.75	180942	152047
ID	2006.00	188861	158610
ID	2006.25	198346	166198
ID	2006.50	202144	169202
ID	2006.75	204587	170993
ID	2007.00	207133	173380
ID	2007.25	211752	177209
ID	2007.50	211727	177356
ID	2007.75	206191	172703
ID	2008.00	204568	171401
ID	2008.25	203671	171085
ID	2008.50	199564	167839
ID	2008.75	185918	156828
ID	2009.00	181609	153048
ID	2009.25	181880	153644
ID	2009.50	178427	151081
ID	2009.75	169770	144047
ID	2010.00	165859	140814
ID	2010.25	164999	140436
IL	2000.00	148385	125683
IL	2000.25	151809	128220
IL	2000.50	154238	129846
IL	2000.75	157115	131810
IL	2001.00	159089	133039
IL	2001.25	163152	136198
IL	2001.50	167063	139200
IL	2001.75	168980	140476
IL	2002.00	170590	141518
IL	2002.25	175812	145593
IL	2002.50	179276	148253
IL	2002.75	181808	150347
IL	2003.00	184219	152172
IL	2003.25	190102	156916
IL	2003.50	191520	158133
IL	2003.75	193155	159481
IL	2004.00	194877	160953
IL	2004.25	201476	166326
IL	2004.50	205205	169682
IL	2004.75	208394	172562
IL	2005.00	211358	175189
IL	2005.25	218032	180853
IL	2005.50	222414	184728
IL	2005.75	224735	186776
IL	2006.00	226754	188571
IL	2006.25	232631	193311
IL	2006.50	233709	194127
IL	2006.75	232688	193230
IL	2007.00	231909	192460
IL	2007.25	232514	192749
IL	2007.50	229609	190097
IL	2007.75	222784	184131
IL	2008.00	214326	176820
IL	2008.25	213371	175889
IL	2008.50	208863	171913
IL	2008.75	196957	161990
IL	2009.00	186253	153051
IL	2009.25	187169	153852
IL	2009.50	188043	154388
IL	2009.75	184528	151413
IL	2010.00	179035	146708
IL	2010.25	186308	152387
IN	2000.00	110365	98182
IN	2000.25	111306	98964
IN	2000.50	113228	100597
IN	2000.75	113510	100755
IN	2001.00	113705	100843
IN	2001.25	115371	102192
IN	2001.50	116438	103022
IN	2001.75	117339	103638
IN	2002.00	117397	103508
IN	2002.25	119344	105074
IN	2002.50	119881	105410
IN	2002.75	119750	105176
IN	2003.00	120159	105444
IN	2003.25	122318	107219
IN	2003.50	123266	107935
IN	2003.75	122985	107591
IN	2004.00	123049	107546
IN	2004.25	126322	110263
IN	2004.50	127117	110855
IN	2004.75	126815	110457
IN	2005.00	128469	111693
IN	2005.25	130229	113081
IN	2005.50	131593	114186
IN	2005.75	131690	114087
IN	2006.00	130945	113242
IN	2006.25	133635	115400
IN	2006.50	134254	115791
IN	2006.75	132565	114175
IN	2007.00	132091	113646
IN	2007.25	135333	116327
IN	2007.50	135664	116536
IN	2007.75	131045	112499
IN	2008.00	130181	111578
IN	2008.25	131363	112590
IN	2008.50	131352	112566
IN	2008.75	124535	106606
IN	2009.00	122732	104996
IN	2009.25	127973	109546
IN	2009.50	129454	110909
IN	2009.75	128615	110213
IN	2010.00	125649	107853
IN	2010.25	132068	113416
KS	2000.00	103182	91310
KS	2000.25	105363	93228
KS	2000.50	105780	93483
KS	2000.75	105914	93554
KS	2001.00	107009	94409
KS	2001.25	109385	96396
KS	2001.50	110738	97449
KS	2001.75	111966	98451
KS	2002.00	112479	99043
KS	2002.25	113551	99938
KS	2002.50	115665	101655
KS	2002.75	115318	101322
KS	2003.00	115975	101791
KS	2003.25	117777	103226
KS	2003.50	119457	104602
KS	2003.75	119305	104331
KS	2004.00	119792	104687
KS	2004.25	122788	107180
KS	2004.50	123007	107237
KS	2004.75	123580	107501
KS	2005.00	124791	108358
KS	2005.25	127593	110640
KS	2005.50	128962	111799
KS	2005.75	129077	111734
KS	2006.00	130030	112575
KS	2006.25	132506	114624
KS	2006.50	133787	115679
KS	2006.75	132956	114824
KS	2007.00	131837	113830
KS	2007.25	135696	117099
KS	2007.50	135953	117194
KS	2007.75	134429	115704
KS	2008.00	132028	113803
KS	2008.25	135315	116755
KS	2008.50	135497	117125
KS	2008.75	131203	113652
KS	2009.00	130804	113483
KS	2009.25	134807	117230
KS	2009.50	134170	116956
KS	2009.75	135360	118193
KS	2010.00	131809	115364
KS	2010.25	135301	118687
KY	2000.00	113973	99434
KY	2000.25	115401	100655
KY	2000.50	117136	102132
KY	2000.75	117657	102481
KY	2001.00	117673	102572
KY	2001.25	120089	104722
KY	2001.50	121036	105451
KY	2001.75	122954	107006
KY	2002.00	122624	106763
KY	2002.25	125501	109256
KY	2002.50	125538	109222
KY	2002.75	127298	110771
KY	2003.00	128084	111360
KY	2003.25	130676	113543
KY	2003.50	133287	115867
KY	2003.75	133859	116389
KY	2004.00	134399	116699
KY	2004.25	136974	118913
KY	2004.50	138087	120033
KY	2004.75	139317	121087
KY	2005.00	140122	121843
KY	2005.25	143217	124590
KY	2005.50	145392	126452
KY	2005.75	146157	127168
KY	2006.00	148004	128745
KY	2006.25	149493	129906
KY	2006.50	150401	130734
KY	2006.75	149364	129801
KY	2007.00	150625	130889
KY	2007.25	152950	132792
KY	2007.50	152020	131934
KY	2007.75	150688	130620
KY	2008.00	148173	128333
KY	2008.25	152032	131764
KY	2008.50	151610	131310
KY	2008.75	146652	126978
KY	2009.00	144246	124964
KY	2009.25	148854	128861
KY	2009.50	149317	129278
KY	2009.75	149963	129884
KY	2010.00	147204	127446
KY	2010.25	150614	130344
LA	2000.00	108563	94990
LA	2000.25	110829	96967
LA	2000.50	111289	97425
LA	2000.75	110972	97249
LA	2001.00	111809	97941
LA	2001.25	114350	100102
LA	2001.50	116260	101707
LA	2001.75	116615	101970
LA	2002.00	117143	102439
LA	2002.25	120221	105011
LA	2002.50	121772	106272
LA	2002.75	122937	107226
LA	2003.00	125227	109239
LA	2003.25	126252	110119
LA	2003.50	128495	112042
LA	2003.75	129779	113146
LA	2004.00	130034	113354
LA	2004.25	134774	117368
LA	2004.50	137317	119610
LA	2004.75	138701	120898
LA	2005.00	140068	122092
LA	2005.25	143832	125402
LA	2005.50	147632	128651
LA	2005.75	153948	134325
LA	2006.00	158657	138404
LA	2006.25	162794	142129
LA	2006.50	165905	144876
LA	2006.75	167948	146571
LA	2007.00	166915	146036
LA	2007.25	167096	146437
LA	2007.50	169056	148336
LA	2007.75	168112	147565
LA	2008.00	166123	145965
LA	2008.25	168787	148401
LA	2008.50	168827	148555
LA	2008.75	167340	147480
LA	2009.00	166331	146814
LA	2009.25	169342	149702
LA	2009.50	172329	152579
LA	2009.75	171068	151638
LA	2010.00	168639	149590
LA	2010.25	171584	152413
MA	2000.00	226623	189845
MA	2000.25	240047	200506
MA	2000.50	249733	208181
MA	2000.75	255172	212248
MA	2001.00	262724	218186
MA	2001.25	273693	227228
MA	2001.50	285041	236567
MA	2001.75	287803	238376
MA	2002.00	292156	242464
MA	2002.25	307940	255916
MA	2002.50	320216	266744
MA	2002.75	325486	271779
MA	2003.00	328269	274501
MA	2003.25	340907	285622
MA	2003.50	349028	292923
MA	2003.75	355024	298039
MA	2004.00	361061	303288
MA	2004.25	376472	316434
MA	2004.50	385977	324667
MA	2004.75	392826	330058
MA	2005.00	398781	336060
MA	2005.25	409939	345950
MA	2005.50	414510	350369
MA	2005.75	415122	350198
MA	2006.00	408929	345580
MA	2006.25	413461	349852
MA	2006.50	408389	345531
MA	2006.75	403171	340964
MA	2007.00	401369	338784
MA	2007.25	404164	339898
MA	2007.50	403930	338067
MA	2007.75	393535	328672
MA	2008.00	385753	320635
MA	2008.25	378583	314167
MA	2008.50	376200	311161
MA	2008.75	365576	301589
MA	2009.00	360368	296508
MA	2009.25	363675	299376
MA	2009.50	367131	302592
MA	2009.75	363974	300200
MA	2010.00	354819	290948
MA	2010.25	373062	306363
MD	2000.00	183200	142113
MD	2000.25	187442	145332
MD	2000.50	192438	148989
MD	2000.75	196364	151146
MD	2001.00	196849	151397
MD	2001.25	206141	158170
MD	2001.50	213238	163463
MD	2001.75	216913	166212
MD	2002.00	220961	168938
MD	2002.25	231398	176726
MD	2002.50	238459	186460
MD	2002.75	238111	191134
MD	2003.00	243511	195208
MD	2003.25	252122	205024
MD	2003.50	264713	215441
MD	2003.75	265797	218954
MD	2004.00	271939	226230
MD	2004.25	290272	241482
MD	2004.50	306731	256593
MD	2004.75	313619	263831
MD	2005.00	325255	273828
MD	2005.25	347625	293568
MD	2005.50	367411	311039
MD	2005.75	373935	318761
MD	2006.00	380410	325092
MD	2006.25	390526	334284
MD	2006.50	393201	336999
MD	2006.75	391403	335980
MD	2007.00	388241	334342
MD	2007.25	384169	331534
MD	2007.50	376688	325658
MD	2007.75	364281	315308
MD	2008.00	352683	305896
MD	2008.25	341573	296867
MD	2008.50	330781	287749
MD	2008.75	315256	274704
MD	2009.00	304938	265873
MD	2009.25	299488	262176
MD	2009.50	299612	262441
MD	2009.75	295253	258517
MD	2010.00	287999	252731
MD	2010.25	292254	256411
ME	2000.00	122926	103883
ME	2000.25	128860	108793
ME	2000.50	130371	110981
ME	2000.75	132581	112664
ME	2001.00	134972	114428
ME	2001.25	139949	118394
ME	2001.50	145117	122511
ME	2001.75	146250	123072
ME	2002.00	152108	127762
ME	2002.25	157513	132308
ME	2002.50	163459	137101
ME	2002.75	167343	140125
ME	2003.00	171957	143720
ME	2003.25	175107	146060
ME	2003.50	179680	149743
ME	2003.75	186718	156158
ME	2004.00	185112	154913
ME	2004.25	194709	163054
ME	2004.50	201955	168974
ME	2004.75	204966	171279
ME	2005.00	209646	175765
ME	2005.25	215712	180771
ME	2005.50	220089	184535
ME	2005.75	222289	186615
ME	2006.00	219193	184404
ME	2006.25	224863	189461
ME	2006.50	223069	187870
ME	2006.75	220134	185903
ME	2007.00	222206	187547
ME	2007.25	222467	187892
ME	2007.50	218046	184459
ME	2007.75	218583	185206
ME	2008.00	216221	183169
ME	2008.25	215259	182774
ME	2008.50	213276	181438
ME	2008.75	205299	174283
ME	2009.00	209457	176719
ME	2009.25	213568	179611
ME	2009.50	205754	172730
ME	2009.75	209403	175688
ME	2010.00	206716	172800
ME	2010.25	209697	175175
MI	2000.00	137293	119927
MI	2000.25	140802	123049
MI	2000.50	143392	125355
MI	2000.75	143993	125958
MI	2001.00	145389	127182
MI	2001.25	147888	129370
MI	2001.50	150004	131192
MI	2001.75	151009	132006
MI	2002.00	151119	132084
MI	2002.25	154095	134693
MI	2002.50	155765	136115
MI	2002.75	156279	136494
MI	2003.00	156545	136678
MI	2003.25	158532	138388
MI	2003.50	160344	139917
MI	2003.75	159803	139378
MI	2004.00	159162	138893
MI	2004.25	161362	140660
MI	2004.50	162180	141393
MI	2004.75	162764	141880
MI	2005.00	162292	141405
MI	2005.25	165186	143805
MI	2005.50	166158	144506
MI	2005.75	165447	143635
MI	2006.00	162515	140944
MI	2006.25	162382	140544
MI	2006.50	160987	139081
MI	2006.75	156545	135104
MI	2007.00	153422	132180
MI	2007.25	151012	129891
MI	2007.50	146482	125821
MI	2007.75	138216	118573
MI	2008.00	133043	113857
MI	2008.25	129656	110754
MI	2008.50	127271	108620
MI	2008.75	118102	100344
MI	2009.00	116000	97827
MI	2009.25	114774	96428
MI	2009.50	114196	95612
MI	2009.75	114362	95473
MI	2010.00	112153	93280
MI	2010.25	116143	96398
MN	2000.00	139518	123266
MN	2000.25	145981	128981
MN	2000.50	150409	132732
MN	2000.75	152817	134792
MN	2001.00	156173	137689
MN	2001.25	163395	143911
MN	2001.50	167778	147629
MN	2001.75	169551	148970
MN	2002.00	172808	151776
MN	2002.25	179004	157032
MN	2002.50	183295	160752
MN	2002.75	186443	163392
MN	2003.00	189050	165720
MN	2003.25	194841	170710
MN	2003.50	199811	175042
MN	2003.75	201098	176270
MN	2004.00	201893	176496
MN	2004.25	208960	182247
MN	2004.50	213872	186444
MN	2004.75	216021	188166
MN	2005.00	218426	189658
MN	2005.25	225365	195436
MN	2005.50	228610	197867
MN	2005.75	230458	198878
MN	2006.00	231303	199129
MN	2006.25	234453	201522
MN	2006.50	232681	199777
MN	2006.75	229684	196897
MN	2007.00	228616	195887
MN	2007.25	227220	194452
MN	2007.50	222458	190128
MN	2007.75	215279	183610
MN	2008.00	209377	178243
MN	2008.25	206856	175971
MN	2008.50	201660	171411
MN	2008.75	193982	164435
MN	2009.00	192062	162405
MN	2009.25	192725	162898
MN	2009.50	192777	162836
MN	2009.75	191485	161507
MN	2010.00	187768	158558
MN	2010.25	194336	164105
MO	2000.00	109355	94300
MO	2000.25	111921	96514
MO	2000.50	113326	97715
MO	2000.75	114328	98467
MO	2001.00	115401	99327
MO	2001.25	118611	102114
MO	2001.50	120093	103358
MO	2001.75	121265	104333
MO	2002.00	122387	105199
MO	2002.25	125141	107451
MO	2002.50	127024	108927
MO	2002.75	128484	110059
MO	2003.00	130092	111230
MO	2003.25	132804	113425
MO	2003.50	134660	114898
MO	2003.75	134895	115062
MO	2004.00	136767	116531
MO	2004.25	140688	119757
MO	2004.50	141543	120505
MO	2004.75	143602	122135
MO	2005.00	144957	123052
MO	2005.25	148966	126362
MO	2005.50	151836	128724
MO	2005.75	153065	129619
MO	2006.00	154534	130797
MO	2006.25	156606	132358
MO	2006.50	157895	133303
MO	2006.75	156731	132170
MO	2007.00	156469	131904
MO	2007.25	158090	133196
MO	2007.50	158290	133164
MO	2007.75	152531	128302
MO	2008.00	148161	124503
MO	2008.25	151236	127049
MO	2008.50	150820	126561
MO	2008.75	143328	120188
MO	2009.00	143105	120054
MO	2009.25	147060	123311
MO	2009.50	147846	124100
MO	2009.75	146962	123462
MO	2010.00	140775	118365
MO	2010.25	147162	123754
MS	2000.00	95381	83653
MS	2000.25	97522	85463
MS	2000.50	98426	86182
MS	2000.75	98246	85875
MS	2001.00	98775	86253
MS	2001.25	101860	88919
MS	2001.50	102475	89494
MS	2001.75	102777	89773
MS	2002.00	103457	90317
MS	2002.25	104172	90896
MS	2002.50	106377	92784
MS	2002.75	107965	94133
MS	2003.00	107667	93675
MS	2003.25	110529	96059
MS	2003.50	110822	96328
MS	2003.75	112197	97483
MS	2004.00	113472	98456
MS	2004.25	115280	99971
MS	2004.50	116334	100775
MS	2004.75	117959	102143
MS	2005.00	119942	103778
MS	2005.25	123420	106699
MS	2005.50	126036	109138
MS	2005.75	130614	113499
MS	2006.00	133054	115645
MS	2006.25	137213	119422
MS	2006.50	139609	121597
MS	2006.75	141289	123131
MS	2007.00	143988	125495
MS	2007.25	145685	127225
MS	2007.50	144711	126592
MS	2007.75	144211	126387
MS	2008.00	143114	125794
MS	2008.25	145414	128107
MS	2008.50	143467	126587
MS	2008.75	140575	124374
MS	2009.00	136138	120915
MS	2009.25	140443	125256
MS	2009.50	141960	126903
MS	2009.75	140879	126328
MS	2010.00	140094	126054
MS	2010.25	140317	126484
MT	2000.00	114480	99058
MT	2000.25	116822	101100
MT	2000.50	117829	101902
MT	2000.75	117731	101613
MT	2001.00	121364	104743
MT	2001.25	123717	106610
MT	2001.50	124343	107012
MT	2001.75	127031	109064
MT	2002.00	128369	110288
MT	2002.25	132348	113649
MT	2002.50	134560	115541
MT	2002.75	136582	117258
MT	2003.00	136755	117319
MT	2003.25	144131	123427
MT	2003.50	147693	126577
MT	2003.75	149371	127870
MT	2004.00	151120	129292
MT	2004.25	158121	135305
MT	2004.50	162244	138832
MT	2004.75	166423	142564
MT	2005.00	170445	145937
MT	2005.25	178284	152638
MT	2005.50	182780	156589
MT	2005.75	188798	161927
MT	2006.00	194869	167121
MT	2006.25	199957	171733
MT	2006.50	205638	176921
MT	2006.75	208714	179640
MT	2007.00	209771	180710
MT	2007.25	219603	188818
MT	2007.50	218991	188281
MT	2007.75	219126	188363
MT	2008.00	218338	187534
MT	2008.25	219078	188328
MT	2008.50	217817	187401
MT	2008.75	210011	180798
MT	2009.00	211951	182241
MT	2009.25	209862	180415
MT	2009.50	209655	180512
MT	2009.75	206402	177940
MT	2010.00	207074	178462
MT	2010.25	206439	178188
NC	2000.00	133078	113656
NC	2000.25	135932	115976
NC	2000.50	137834	117744
NC	2000.75	137770	117671
NC	2001.00	139809	119309
NC	2001.25	141335	120546
NC	2001.50	143675	122434
NC	2001.75	144111	122674
NC	2002.00	145785	123956
NC	2002.25	147980	125605
NC	2002.50	149951	127041
NC	2002.75	151587	128232
NC	2003.00	152387	128741
NC	2003.25	154372	130273
NC	2003.50	156952	132183
NC	2003.75	157857	132646
NC	2004.00	159213	133343
NC	2004.25	163991	137033
NC	2004.50	166344	138602
NC	2004.75	168557	140225
NC	2005.00	172982	143719
NC	2005.25	176680	146588
NC	2005.50	180926	149650
NC	2005.75	185678	153101
NC	2006.00	188310	154792
NC	2006.25	192591	157848
NC	2006.50	195957	160279
NC	2006.75	198213	161825
NC	2007.00	199607	162674
NC	2007.25	202497	164824
NC	2007.50	203769	165683
NC	2007.75	200053	162487
NC	2008.00	199541	161711
NC	2008.25	200817	162392
NC	2008.50	197166	159321
NC	2008.75	191377	154530
NC	2009.00	190249	153639
NC	2009.25	192696	155636
NC	2009.50	192729	155793
NC	2009.75	190036	153656
NC	2010.00	186743	150703
NC	2010.25	191255	154481
ND	2000.00	82569	75151
ND	2000.25	83111	75684
ND	2000.50	84113	76607
ND	2000.75	82282	74899
ND	2001.00	85601	77767
ND	2001.25	86533	78372
ND	2001.50	86837	78621
ND	2001.75	88680	80251
ND	2002.00	88779	80241
ND	2002.25	90735	81948
ND	2002.50	93469	84431
ND	2002.75	93219	84214
ND	2003.00	95138	85739
ND	2003.25	96054	86512
ND	2003.50	99742	89622
ND	2003.75	99417	89179
ND	2004.00	99529	89123
ND	2004.25	105374	94328
ND	2004.50	107055	95679
ND	2004.75	109205	97501
ND	2005.00	112914	100504
ND	2005.25	115644	102706
ND	2005.50	118656	105216
ND	2005.75	122361	108417
ND	2006.00	122798	108897
ND	2006.25	125159	111004
ND	2006.50	128168	113621
ND	2006.75	127860	113144
ND	2007.00	131516	116318
ND	2007.25	133617	118260
ND	2007.50	137491	121379
ND	2007.75	136151	120010
ND	2008.00	135604	119842
ND	2008.25	140304	124085
ND	2008.50	141708	125812
ND	2008.75	144121	128330
ND	2009.00	143791	128243
ND	2009.25	146604	130998
ND	2009.50	146834	131526
ND	2009.75	144631	129603
ND	2010.00	150410	135386
ND	2010.25	147844	133473
NE	2000.00	105509	92312
NE	2000.25	108239	94640
NE	2000.50	108988	95297
NE	2000.75	108826	95127
NE	2001.00	109807	95967
NE	2001.25	111840	97691
NE	2001.50	112397	98452
NE	2001.75	112088	98143
NE	2002.00	113152	98996
NE	2002.25	115335	100990
NE	2002.50	116888	102381
NE	2002.75	117054	102544
NE	2003.00	117747	102974
NE	2003.25	120636	105363
NE	2003.50	122251	106648
NE	2003.75	121592	106071
NE	2004.00	122604	106900
NE	2004.25	124866	108804
NE	2004.50	128033	111451
NE	2004.75	127637	110955
NE	2005.00	128324	111424
NE	2005.25	131355	113805
NE	2005.50	134287	116185
NE	2005.75	134025	115692
NE	2006.00	134384	115806
NE	2006.25	138061	118701
NE	2006.50	138374	118770
NE	2006.75	135162	115809
NE	2007.00	136265	116560
NE	2007.25	138904	118734
NE	2007.50	139227	118852
NE	2007.75	135622	115624
NE	2008.00	134729	114967
NE	2008.25	136999	116981
NE	2008.50	136936	116952
NE	2008.75	135086	115533
NE	2009.00	132173	113237
NE	2009.25	137423	117927
NE	2009.50	137496	118273
NE	2009.75	137483	118496
NE	2010.00	135116	116669
NE	2010.25	139325	120415
NH	2000.00	159415	137491
NH	2000.25	165800	142996
NH	2000.50	170499	147533
NH	2000.75	176624	152736
NH	2001.00	179077	154940
NH	2001.25	187490	162279
NH	2001.50	194863	168576
NH	2001.75	198732	171796
NH	2002.00	200272	173569
NH	2002.25	209105	181418
NH	2002.50	218398	189883
NH	2002.75	222511	193839
NH	2003.00	227576	198358
NH	2003.25	235153	205047
NH	2003.50	242584	211813
NH	2003.75	246906	215808
NH	2004.00	252675	221484
NH	2004.25	261449	229560
NH	2004.50	267360	235181
NH	2004.75	273968	241240
NH	2005.00	275623	243260
NH	2005.25	287152	253714
NH	2005.50	294549	260800
NH	2005.75	291801	258513
NH	2006.00	292376	259243
NH	2006.25	296926	263242
NH	2006.50	292789	259719
NH	2006.75	287759	255432
NH	2007.00	283589	251883
NH	2007.25	286905	254856
NH	2007.50	282253	250698
NH	2007.75	272955	241908
NH	2008.00	264784	234463
NH	2008.25	267773	236445
NH	2008.50	263940	232610
NH	2008.75	250302	220129
NH	2009.00	248860	217815
NH	2009.25	252687	221159
NH	2009.50	254805	223006
NH	2009.75	248331	216599
NH	2010.00	245433	213425
NH	2010.25	254399	220625
NJ	2000.00	200858	174675
NJ	2000.25	208470	180086
NJ	2000.50	214453	184789
NJ	2000.75	218091	187457
NJ	2001.00	222853	191128
NJ	2001.25	231003	198019
NJ	2001.50	240112	205626
NJ	2001.75	245093	209495
NJ	2002.00	250031	213506
NJ	2002.25	262384	223977
NJ	2002.50	273585	233438
NJ	2002.75	281331	240573
NJ	2003.00	284384	243317
NJ	2003.25	297270	254385
NJ	2003.50	308311	264048
NJ	2003.75	316374	271137
NJ	2004.00	317105	271743
NJ	2004.25	331099	283633
NJ	2004.50	342310	293648
NJ	2004.75	351589	302188
NJ	2005.00	357923	307986
NJ	2005.25	373031	322993
NJ	2005.50	384047	333121
NJ	2005.75	389005	337758
NJ	2006.00	393269	341830
NJ	2006.25	401432	349000
NJ	2006.50	403045	350403
NJ	2006.75	397448	346030
NJ	2007.00	394765	344337
NJ	2007.25	394240	343827
NJ	2007.50	389559	339665
NJ	2007.75	381679	333016
NJ	2008.00	373916	326261
NJ	2008.25	365110	318439
NJ	2008.50	357874	311350
NJ	2008.75	347751	301939
NJ	2009.00	337446	292955
NJ	2009.25	331292	287718
NJ	2009.50	331283	287571
NJ	2009.75	326914	283822
NJ	2010.00	318315	276180
NJ	2010.25	325722	282633
NM	2000.00	123624	107158
NM	2000.25	126174	109050
NM	2000.50	127273	109845
NM	2000.75	126764	109152
NM	2001.00	128658	110397
NM	2001.25	131737	112717
NM	2001.50	132727	113227
NM	2001.75	133031	113183
NM	2002.00	135003	114610
NM	2002.25	138893	117656
NM	2002.50	140899	119115
NM	2002.75	142086	119971
NM	2003.00	143814	121133
NM	2003.25	147917	124225
NM	2003.50	150917	126634
NM	2003.75	153578	128744
NM	2004.00	155242	130079
NM	2004.25	160543	134411
NM	2004.50	164453	137650
NM	2004.75	166864	139527
NM	2005.00	172181	143831
NM	2005.25	178044	148840
NM	2005.50	185187	154610
NM	2005.75	190466	159144
NM	2006.00	193378	161755
NM	2006.25	203020	169710
NM	2006.50	207875	174030
NM	2006.75	210400	176435
NM	2007.00	210792	177050
NM	2007.25	214483	180355
NM	2007.50	212686	179068
NM	2007.75	209631	176534
NM	2008.00	208681	175777
NM	2008.25	208141	175736
NM	2008.50	205217	173633
NM	2008.75	200789	170039
NM	2009.00	195860	165956
NM	2009.25	197176	167356
NM	2009.50	196216	166826
NM	2009.75	193212	164688
NM	2010.00	190476	162451
NM	2010.25	188610	161176
NV	2000.00	172486	138100
NV	2000.25	176681	140706
NV	2000.50	179316	142206
NV	2000.75	181690	143828
NV	2001.00	184613	145696
NV	2001.25	187861	148503
NV	2001.50	191512	151582
NV	2001.75	194136	153494
NV	2002.00	196562	155140
NV	2002.25	201953	159307
NV	2002.50	205718	162459
NV	2002.75	207881	165643
NV	2003.00	211820	168845
NV	2003.25	219853	175493
NV	2003.50	229770	183410
NV	2003.75	240735	193299
NV	2004.00	254139	206256
NV	2004.25	280464	228688
NV	2004.50	304177	249133
NV	2004.75	316630	260302
NV	2005.00	327567	271038
NV	2005.25	343838	286602
NV	2005.50	355490	298097
NV	2005.75	358697	303092
NV	2006.00	359825	306419
NV	2006.25	361440	308372
NV	2006.50	356366	304643
NV	2006.75	350514	299853
NV	2007.00	343026	293218
NV	2007.25	334875	286391
NV	2007.50	321329	274668
NV	2007.75	297186	254191
NV	2008.00	269954	231080
NV	2008.25	256305	219721
NV	2008.50	240377	206446
NV	2008.75	217593	187168
NV	2009.00	199332	171729
NV	2009.25	187169	161238
NV	2009.50	182815	157191
NV	2009.75	181443	155826
NV	2010.00	179626	153925
NV	2010.25	179627	153364
NY	2000.00	166063	140191
NY	2000.25	171435	144207
NY	2000.50	178618	149904
NY	2000.75	181149	151845
NY	2001.00	183536	153570
NY	2001.25	189954	159043
NY	2001.50	197734	165431
NY	2001.75	202439	169272
NY	2002.00	204698	171398
NY	2002.25	212491	177902
NY	2002.50	221519	185729
NY	2002.75	228758	192086
NY	2003.00	234003	196721
NY	2003.25	242519	203936
NY	2003.50	252585	212634
NY	2003.75	258012	217530
NY	2004.00	257529	217399
NY	2004.25	267163	225547
NY	2004.50	275371	232576
NY	2004.75	282435	238777
NY	2005.00	286329	242320
NY	2005.25	298652	252944
NY	2005.50	310448	262795
NY	2005.75	319508	270289
NY	2006.00	321794	271880
NY	2006.25	329308	277722
NY	2006.50	333950	281159
NY	2006.75	335278	281796
NY	2007.00	333100	279435
NY	2007.25	334488	279782
NY	2007.50	335966	279873
NY	2007.75	332384	276152
NY	2008.00	326565	270094
NY	2008.25	325824	268844
NY	2008.50	320230	263545
NY	2008.75	311667	256076
NY	2009.00	301754	247773
NY	2009.25	301862	247838
NY	2009.50	304431	249879
NY	2009.75	299764	246227
NY	2010.00	292542	240132
NY	2010.25	299812	245858
OH	2000.00	121440	105574
OH	2000.25	124437	108115
OH	2000.50	125341	108857
OH	2000.75	126353	109593
OH	2001.00	126912	110092
OH	2001.25	128853	111786
OH	2001.50	129989	112776
OH	2001.75	130422	113094
OH	2002.00	130990	113523
OH	2002.25	133360	115600
OH	2002.50	134506	116595
OH	2002.75	134851	116867
OH	2003.00	135117	116998
OH	2003.25	137962	119467
OH	2003.50	139191	120524
OH	2003.75	140113	121345
OH	2004.00	137915	119631
OH	2004.25	140686	122002
OH	2004.50	141976	123108
OH	2004.75	141645	122828
OH	2005.00	141648	122864
OH	2005.25	145512	126154
OH	2005.50	146444	126974
OH	2005.75	145227	125916
OH	2006.00	143778	124581
OH	2006.25	147300	127500
OH	2006.50	147982	127958
OH	2006.75	144898	125217
OH	2007.00	141976	122632
OH	2007.25	144207	124391
OH	2007.50	142969	123248
OH	2007.75	136493	117647
OH	2008.00	132293	113999
OH	2008.25	135736	116786
OH	2008.50	132914	114392
OH	2008.75	122425	105239
OH	2009.00	118917	102129
OH	2009.25	125969	108200
OH	2009.50	130512	112138
OH	2009.75	129388	111275
OH	2010.00	125561	108044
OH	2010.25	132093	113730
OK	2000.00	91320	78663
OK	2000.25	92151	79829
OK	2000.50	93174	80563
OK	2000.75	93109	80460
OK	2001.00	94081	81143
OK	2001.25	95437	82253
OK	2001.50	96993	83548
OK	2001.75	97765	84074
OK	2002.00	98260	84552
OK	2002.25	99851	85845
OK	2002.50	101510	87174
OK	2002.75	101942	87442
OK	2003.00	103153	88292
OK	2003.25	105011	89874
OK	2003.50	106642	91129
OK	2003.75	107056	91518
OK	2004.00	107271	91709
OK	2004.25	109565	93609
OK	2004.50	110977	94808
OK	2004.75	112647	96174
OK	2005.00	114125	97449
OK	2005.25	115854	98941
OK	2005.50	118817	101464
OK	2005.75	120571	102889
OK	2006.00	121995	104154
OK	2006.25	124848	106559
OK	2006.50	126342	107683
OK	2006.75	126231	107510
OK	2007.00	127776	108650
OK	2007.25	130093	110508
OK	2007.50	132065	112133
OK	2007.75	131052	111300
OK	2008.00	129800	110386
OK	2008.25	132636	112859
OK	2008.50	133796	113918
OK	2008.75	131143	111663
OK	2009.00	130713	111560
OK	2009.25	133250	113879
OK	2009.50	135248	115846
OK	2009.75	134494	115548
OK	2010.00	131778	113490
OK	2010.25	137614	118771
OR	2000.00	155926	138338
OR	2000.25	158445	140492
OR	2000.50	159439	141306
OR	2000.75	160410	141979
OR	2001.00	162670	143818
OR	2001.25	165070	145891
OR	2001.50	167463	147796
OR	2001.75	168208	148330
OR	2002.00	169552	149476
OR	2002.25	173087	152426
OR	2002.50	176158	155083
OR	2002.75	177902	156369
OR	2003.00	180479	158459
OR	2003.25	184596	162049
OR	2003.50	189006	165750
OR	2003.75	192041	168116
OR	2004.00	194474	170107
OR	2004.25	201919	176569
OR	2004.50	209616	183048
OR	2004.75	215379	188074
OR	2005.00	222468	194102
OR	2005.25	235094	205027
OR	2005.50	248918	217085
OR	2005.75	257820	224829
OR	2006.00	266053	231758
OR	2006.25	278183	242298
OR	2006.50	285018	248251
OR	2006.75	285750	248847
OR	2007.00	288348	251043
OR	2007.25	294166	256098
OR	2007.50	292436	254688
OR	2007.75	283881	247456
OR	2008.00	278883	243306
OR	2008.25	277045	241845
OR	2008.50	270235	236080
OR	2008.75	257064	224840
OR	2009.00	249139	218190
OR	2009.25	244229	214277
OR	2009.50	243506	213878
OR	2009.75	239670	210717
OR	2010.00	227892	200616
OR	2010.25	234853	206977
PA	2000.00	117279	100715
PA	2000.25	120120	103051
PA	2000.50	121812	104271
PA	2000.75	122991	105082
PA	2001.00	123273	105149
PA	2001.25	127266	108287
PA	2001.50	129945	110412
PA	2001.75	130443	110656
PA	2002.00	132262	112182
PA	2002.25	135779	115058
PA	2002.50	139192	117794
PA	2002.75	141345	119500
PA	2003.00	142782	120673
PA	2003.25	146830	124033
PA	2003.50	151225	127752
PA	2003.75	152373	128832
PA	2004.00	153574	129701
PA	2004.25	159580	134928
PA	2004.50	163413	138162
PA	2004.75	165410	139872
PA	2005.00	167335	141473
PA	2005.25	174168	147277
PA	2005.50	179679	151985
PA	2005.75	180664	152894
PA	2006.00	182123	154098
PA	2006.25	188347	159439
PA	2006.50	189926	160848
PA	2006.75	189173	160248
PA	2007.00	188136	159420
PA	2007.25	191075	161909
PA	2007.50	191592	162530
PA	2007.75	189021	160406
PA	2008.00	185878	157859
PA	2008.25	187339	159147
PA	2008.50	186723	158686
PA	2008.75	182293	155028
PA	2009.00	177644	151252
PA	2009.25	181690	154897
PA	2009.50	180607	154347
PA	2009.75	179261	153585
PA	2010.00	173885	149333
PA	2010.25	178266	153439
RI	2000.00	160991	138459
RI	2000.25	168544	144691
RI	2000.50	174262	149000
RI	2000.75	176649	150707
RI	2001.00	180796	153535
RI	2001.25	189669	160731
RI	2001.50	197710	167126
RI	2001.75	204055	172193
RI	2002.00	209117	176242
RI	2002.25	221035	186017
RI	2002.50	234206	196936
RI	2002.75	244020	205143
RI	2003.00	250938	210490
RI	2003.25	261273	219481
RI	2003.50	272178	228844
RI	2003.75	280036	235607
RI	2004.00	287875	242582
RI	2004.25	304189	256417
RI	2004.50	319348	269538
RI	2004.75	324035	274156
RI	2005.00	331399	281620
RI	2005.25	340869	291085
RI	2005.50	346945	297394
RI	2005.75	344524	296002
RI	2006.00	346357	298458
RI	2006.25	348348	300890
RI	2006.50	348580	301325
RI	2006.75	341554	295261
RI	2007.00	332010	287217
RI	2007.25	333184	288228
RI	2007.50	326920	282229
RI	2007.75	313903	270415
RI	2008.00	301495	259965
RI	2008.25	293920	253517
RI	2008.50	281792	242514
RI	2008.75	273608	235114
RI	2009.00	268358	230140
RI	2009.25	266846	228716
RI	2009.50	265287	227651
RI	2009.75	268022	229759
RI	2010.00	257997	221194
RI	2010.25	269788	230354
SC	2000.00	130030	107171
SC	2000.25	132233	109233
SC	2000.50	133976	110594
SC	2000.75	133828	110443
SC	2001.00	135100	111147
SC	2001.25	137183	112744
SC	2001.50	139069	114080
SC	2001.75	138413	114185
SC	2002.00	140087	115551
SC	2002.25	140952	116414
SC	2002.50	142585	117516
SC	2002.75	143351	118045
SC	2003.00	144401	118893
SC	2003.25	146928	120775
SC	2003.50	147848	121427
SC	2003.75	149062	122201
SC	2004.00	150299	123083
SC	2004.25	152872	124870
SC	2004.50	156348	127430
SC	2004.75	159904	129946
SC	2005.00	162417	131960
SC	2005.25	167692	135733
SC	2005.50	172990	139676
SC	2005.75	176776	142455
SC	2006.00	179445	144268
SC	2006.25	185157	148165
SC	2006.50	187700	149989
SC	2006.75	189224	150795
SC	2007.00	191440	152002
SC	2007.25	194350	153825
SC	2007.50	192894	152468
SC	2007.75	188683	148936
SC	2008.00	189390	149005
SC	2008.25	187614	147638
SC	2008.50	183612	144540
SC	2008.75	175716	138497
SC	2009.00	172912	135838
SC	2009.25	174270	137115
SC	2009.50	173738	137039
SC	2009.75	172861	136597
SC	2010.00	166605	131720
SC	2010.25	171514	135855
SD	2000.00	104646	91971
SD	2000.25	108257	94964
SD	2000.50	110107	96323
SD	2000.75	109853	96020
SD	2001.00	112656	98653
SD	2001.25	115225	100765
SD	2001.50	117909	103089
SD	2001.75	118365	103444
SD	2002.00	119546	104395
SD	2002.25	122852	107313
SD	2002.50	123595	108052
SD	2002.75	125431	109741
SD	2003.00	126956	111276
SD	2003.25	130426	114654
SD	2003.50	133313	117444
SD	2003.75	132561	117161
SD	2004.00	135500	120040
SD	2004.25	138401	122777
SD	2004.50	141695	125852
SD	2004.75	142763	127185
SD	2005.00	146195	130275
SD	2005.25	151559	135164
SD	2005.50	152129	135882
SD	2005.75	155141	138769
SD	2006.00	155989	139404
SD	2006.25	161508	144579
SD	2006.50	161745	144801
SD	2006.75	162093	145299
SD	2007.00	163820	146735
SD	2007.25	167748	150149
SD	2007.50	169021	151137
SD	2007.75	170166	152224
SD	2008.00	171518	153301
SD	2008.25	173907	155104
SD	2008.50	173138	154435
SD	2008.75	170314	151717
SD	2009.00	172523	153488
SD	2009.25	175827	156344
SD	2009.50	176248	156588
SD	2009.75	174125	154651
SD	2010.00	176119	156463
SD	2010.25	175849	156243
TN	2000.00	112128	88530
TN	2000.25	114246	90444
TN	2000.50	115029	90916
TN	2000.75	115676	91394
TN	2001.00	116018	91601
TN	2001.25	119213	93898
TN	2001.50	119555	94118
TN	2001.75	120807	94988
TN	2002.00	121132	95161
TN	2002.25	123922	97188
TN	2002.50	124687	97746
TN	2002.75	123936	98136
TN	2003.00	125900	99400
TN	2003.25	127434	100580
TN	2003.50	129317	101975
TN	2003.75	130161	102546
TN	2004.00	131236	103395
TN	2004.25	134509	105885
TN	2004.50	137467	108243
TN	2004.75	139278	109725
TN	2005.00	142160	111995
TN	2005.25	145966	114925
TN	2005.50	149589	117886
TN	2005.75	152652	120252
TN	2006.00	155282	122268
TN	2006.25	158446	124907
TN	2006.50	161501	127299
TN	2006.75	163060	128536
TN	2007.00	163547	128862
TN	2007.25	166292	131017
TN	2007.50	167000	131488
TN	2007.75	164461	129387
TN	2008.00	161949	127538
TN	2008.25	163087	128407
TN	2008.50	161829	127221
TN	2008.75	155660	122137
TN	2009.00	153245	120050
TN	2009.25	156223	122417
TN	2009.50	157919	123748
TN	2009.75	157028	122956
TN	2010.00	152040	118940
TN	2010.25	158176	123613
TX	2000.00	114205	96405
TX	2000.25	116799	98544
TX	2000.50	118761	100137
TX	2000.75	120122	101226
TX	2001.00	121195	102129
TX	2001.25	123773	104236
TX	2001.50	125274	105416
TX	2001.75	125755	105793
TX	2002.00	126572	106483
TX	2002.25	128938	108474
TX	2002.50	129894	109236
TX	2002.75	130323	109557
TX	2003.00	131102	110197
TX	2003.25	132461	111297
TX	2003.50	132884	111592
TX	2003.75	133438	112022
TX	2004.00	133364	111904
TX	2004.25	136357	114207
TX	2004.50	137462	115030
TX	2004.75	138357	115674
TX	2005.00	139058	116246
TX	2005.25	142428	118912
TX	2005.50	144794	120766
TX	2005.75	146501	122021
TX	2006.00	149113	124078
TX	2006.25	152337	126529
TX	2006.50	154330	128055
TX	2006.75	155683	128994
TX	2007.00	157840	130603
TX	2007.25	161913	133741
TX	2007.50	162881	134501
TX	2007.75	160852	132770
TX	2008.00	160194	132281
TX	2008.25	161250	133250
TX	2008.50	161929	134055
TX	2008.75	155966	129392
TX	2009.00	154720	128510
TX	2009.25	158571	132038
TX	2009.50	160026	133542
TX	2009.75	158743	132889
TX	2010.00	157123	131764
TX	2010.25	160510	134854
UT	2000.00	150740	133909
UT	2000.25	152453	135466
UT	2000.50	153586	136363
UT	2000.75	153922	136571
UT	2001.00	154602	137056
UT	2001.25	156659	138713
UT	2001.50	157103	138874
UT	2001.75	157637	139017
UT	2002.00	157355	138624
UT	2002.25	159192	140051
UT	2002.50	160193	140773
UT	2002.75	161476	141457
UT	2003.00	160846	140744
UT	2003.25	163693	143069
UT	2003.50	165614	144443
UT	2003.75	165818	144478
UT	2004.00	167040	145328
UT	2004.25	173708	150820
UT	2004.50	177405	153468
UT	2004.75	180945	155806
UT	2005.00	186569	160194
UT	2005.25	194772	166726
UT	2005.50	205179	175045
UT	2005.75	213291	181395
UT	2006.00	222081	188459
UT	2006.25	235014	198849
UT	2006.50	245603	207740
UT	2006.75	256805	216938
UT	2007.00	262787	221858
UT	2007.25	275006	231897
UT	2007.50	278137	234372
UT	2007.75	271981	229554
UT	2008.00	269271	227254
UT	2008.25	267303	226009
UT	2008.50	263369	222758
UT	2008.75	249939	211593
UT	2009.00	240418	203729
UT	2009.25	237882	202054
UT	2009.50	234794	199920
UT	2009.75	229653	196381
UT	2010.00	219928	188542
UT	2010.25	226030	194147
VA	2000.00	151209	130500
VA	2000.25	156747	135153
VA	2000.50	160742	138406
VA	2000.75	162827	140137
VA	2001.00	167532	144081
VA	2001.25	173754	149283
VA	2001.50	178607	153201
VA	2001.75	180805	154856
VA	2002.00	185765	158742
VA	2002.25	193930	165549
VA	2002.50	199260	169975
VA	2002.75	202795	172873
VA	2003.00	208403	177617
VA	2003.25	216718	184507
VA	2003.50	222893	189655
VA	2003.75	228927	194888
VA	2004.00	236444	200959
VA	2004.25	248853	211269
VA	2004.50	261218	221699
VA	2004.75	269338	228856
VA	2005.00	281662	239477
VA	2005.25	299653	254984
VA	2005.50	312454	265948
VA	2005.75	317701	270579
VA	2006.00	322409	274515
VA	2006.25	329650	280750
VA	2006.50	327004	278534
VA	2006.75	325700	277679
VA	2007.00	321238	274254
VA	2007.25	320924	274114
VA	2007.50	314171	268595
VA	2007.75	303058	259288
VA	2008.00	289619	247705
VA	2008.25	285939	244567
VA	2008.50	275794	235929
VA	2008.75	262382	224110
VA	2009.00	256672	219148
VA	2009.25	261149	222997
VA	2009.50	264549	225960
VA	2009.75	267487	228420
VA	2010.00	260603	222720
VA	2010.25	268338	229420
VT	2000.00	136132	120662
VT	2000.25	143083	126744
VT	2000.50	145612	129040
VT	2000.75	149099	131621
VT	2001.00	151296	133463
VT	2001.25	158243	139391
VT	2001.50	159127	139870
VT	2001.75	163171	143444
VT	2002.00	164547	144168
VT	2002.25	170022	148747
VT	2002.50	176044	153651
VT	2002.75	177161	154281
VT	2003.00	178690	155306
VT	2003.25	183621	159370
VT	2003.50	190972	165509
VT	2003.75	195184	168704
VT	2004.00	198719	172122
VT	2004.25	213463	184669
VT	2004.50	217596	187791
VT	2004.75	221545	190667
VT	2005.00	228149	195323
VT	2005.25	240219	205764
VT	2005.50	243639	208519
VT	2005.75	245345	209833
VT	2006.00	242865	207744
VT	2006.25	255893	218541
VT	2006.50	256463	218994
VT	2006.75	261436	223187
VT	2007.00	254895	218494
VT	2007.25	263102	225322
VT	2007.50	258823	222209
VT	2007.75	252247	216487
VT	2008.00	259081	222516
VT	2008.25	250140	215486
VT	2008.50	249007	214420
VT	2008.75	243527	210058
VT	2009.00	243838	208819
VT	2009.25	254222	217763
VT	2009.50	247582	212515
VT	2009.75	235829	202698
VT	2010.00	236358	203483
VT	2010.25	236773	203970
WA	2000.00	185389	161790
WA	2000.25	190082	165395
WA	2000.50	192410	166980
WA	2000.75	192631	166911
WA	2001.00	195309	169123
WA	2001.25	199110	172276
WA	2001.50	202090	174773
WA	2001.75	203055	175404
WA	2002.00	204764	176968
WA	2002.25	210240	181776
WA	2002.50	211975	183364
WA	2002.75	213300	184716
WA	2003.00	215463	186610
WA	2003.25	221294	191760
WA	2003.50	225675	195829
WA	2003.75	228353	198221
WA	2004.00	231798	201462
WA	2004.25	241525	210049
WA	2004.50	248995	216796
WA	2004.75	255440	222737
WA	2005.00	263427	229978
WA	2005.25	277936	243015
WA	2005.50	291073	254949
WA	2005.75	299618	262573
WA	2006.00	310906	272296
WA	2006.25	323746	283320
WA	2006.50	332415	290725
WA	2006.75	336486	294182
WA	2007.00	340606	297596
WA	2007.25	347730	303473
WA	2007.50	346357	302076
WA	2007.75	339120	295565
WA	2008.00	331246	288711
WA	2008.25	330130	287625
WA	2008.50	321082	279613
WA	2008.75	301810	262902
WA	2009.00	289518	251950
WA	2009.25	288691	251509
WA	2009.50	289541	252341
WA	2009.75	284796	248341
WA	2010.00	278485	242989
WA	2010.25	284782	248555
WI	2000.00	127765	114096
WI	2000.25	131572	117380
WI	2000.50	133856	119382
WI	2000.75	134526	119824
WI	2001.00	136214	121275
WI	2001.25	139584	124239
WI	2001.50	142041	126316
WI	2001.75	143307	127217
WI	2002.00	144608	128245
WI	2002.25	147952	131189
WI	2002.50	151236	133896
WI	2002.75	152730	134965
WI	2003.00	154663	136492
WI	2003.25	158288	139655
WI	2003.50	161798	142591
WI	2003.75	163655	144203
WI	2004.00	164388	144775
WI	2004.25	168616	148567
WI	2004.50	172653	152252
WI	2004.75	174957	154185
WI	2005.00	175513	154765
WI	2005.25	180861	159459
WI	2005.50	184167	162226
WI	2005.75	185261	163120
WI	2006.00	186587	163973
WI	2006.25	189969	166814
WI	2006.50	190962	167601
WI	2006.75	189356	166230
WI	2007.00	188068	165077
WI	2007.25	191519	167942
WI	2007.50	190332	166924
WI	2007.75	186856	163875
WI	2008.00	185905	162744
WI	2008.25	185586	162436
WI	2008.50	183921	160977
WI	2008.75	178827	156237
WI	2009.00	177166	154199
WI	2009.25	180561	156791
WI	2009.50	179658	155895
WI	2009.75	178500	154602
WI	2010.00	173526	150131
WI	2010.25	177864	153935
WV	2000.00	82377	67531
WV	2000.25	86348	70674
WV	2000.50	85596	70029
WV	2000.75	85719	70094
WV	2001.00	87352	72029
WV	2001.25	89008	73428
WV	2001.50	91393	75295
WV	2001.75	92227	75910
WV	2002.00	91842	75605
WV	2002.25	96273	79124
WV	2002.50	100687	82736
WV	2002.75	103310	84935
WV	2003.00	106293	87594
WV	2003.25	109807	90518
WV	2003.50	112307	92601
WV	2003.75	113154	93375
WV	2004.00	115592	95246
WV	2004.25	121079	99549
WV	2004.50	125125	103049
WV	2004.75	128191	105548
WV	2005.00	130711	107589
WV	2005.25	135848	111927
WV	2005.50	143128	118028
WV	2005.75	142173	117345
WV	2006.00	147133	121207
WV	2006.25	149163	122839
WV	2006.50	151575	124865
WV	2006.75	149008	122745
WV	2007.00	155142	127957
WV	2007.25	156664	129489
WV	2007.50	159141	131748
WV	2007.75	156063	129094
WV	2008.00	151812	125433
WV	2008.25	154781	128052
WV	2008.50	150295	124776
WV	2008.75	152350	126829
WV	2009.00	147257	123446
WV	2009.25	148040	124768
WV	2009.50	149506	126652
WV	2009.75	145544	123715
WV	2010.00	147858	126273
WV	2010.25	150706	129369
WY	2000.00	112031	95588
WY	2000.25	115862	98731
WY	2000.50	117103	99530
WY	2000.75	119616	101593
WY	2001.00	119782	101766
WY	2001.25	122438	104051
WY	2001.50	124933	105944
WY	2001.75	128856	109293
WY	2002.00	131018	111301
WY	2002.25	135519	115201
WY	2002.50	137793	117297
WY	2002.75	139155	118071
WY	2003.00	139842	118531
WY	2003.25	146879	124593
WY	2003.50	151506	128175
WY	2003.75	151919	128661
WY	2004.00	157326	133341
WY	2004.25	159578	135844
WY	2004.50	165066	140432
WY	2004.75	167468	142341
WY	2005.00	171831	146211
WY	2005.25	179258	152628
WY	2005.50	184571	157215
WY	2005.75	189300	160977
WY	2006.00	195554	166240
WY	2006.25	204529	173439
WY	2006.50	210083	178472
WY	2006.75	217073	183795
WY	2007.00	222704	188399
WY	2007.25	231264	195442
WY	2007.50	235421	198673
WY	2007.75	230159	195266
WY	2008.00	230908	196371
WY	2008.25	229474	195480
WY	2008.50	230797	197705
WY	2008.75	221221	190145
WY	2009.00	214481	184530
WY	2009.25	222368	191196
WY	2009.50	218367	188569
WY	2009.75	214820	185552
WY	2010.00	205535	178503
WY	2010.25	211127	183202
