0.000000000000000000e+00 2.826748999999999796e+02
5.000000000000000000e-01 2.826318999999999733e+02
1.000000000000000000e+00 2.826413000000000011e+02
1.500000000000000000e+00 2.826331999999999880e+02
2.000000000000000000e+00 2.826304999999999836e+02
2.500000000000000000e+00 2.826304999999999836e+02
3.000000000000000000e+00 2.826277999999999793e+02
3.500000000000000000e+00 2.826372000000000071e+02
4.000000000000000000e+00 2.826318999999999733e+02
4.500000000000000000e+00 2.826829000000000178e+02
5.000000000000000000e+00 2.826963999999999828e+02
5.500000000000000000e+00 2.827434000000000083e+02
6.000000000000000000e+00 2.828279999999999745e+02
6.500000000000000000e+00 2.829234000000000151e+02
7.000000000000000000e+00 2.830335000000000036e+02
7.500000000000000000e+00 2.831786000000000172e+02
8.000000000000000000e+00 2.832794000000000096e+02
8.500000000000000000e+00 2.834082999999999970e+02
9.000000000000000000e+00 2.835976999999999748e+02
9.500000000000000000e+00 2.837226999999999748e+02
1.000000000000000000e+01 2.838851999999999975e+02
1.050000000000000000e+01 2.840625999999999749e+02
1.100000000000000000e+01 2.842572999999999865e+02
1.150000000000000000e+01 2.844359999999999786e+02
1.200000000000000000e+01 2.845944999999999823e+02
1.250000000000000000e+01 2.848161999999999807e+02
1.300000000000000000e+01 2.849961999999999875e+02
1.350000000000000000e+01 2.851519999999999868e+02
1.400000000000000000e+01 2.853655999999999722e+02
1.450000000000000000e+01 2.855201000000000136e+02
1.500000000000000000e+01 2.857189000000000192e+02
1.550000000000000000e+01 2.859270999999999958e+02
1.600000000000000000e+01 2.861394000000000233e+02
1.650000000000000000e+01 2.863181000000000154e+02
1.700000000000000000e+01 2.865450999999999908e+02
1.750000000000000000e+01 2.867223999999999933e+02
1.800000000000000000e+01 2.869427000000000021e+02
1.850000000000000000e+01 2.871456000000000017e+02
1.900000000000000000e+01 2.873242000000000189e+02
1.950000000000000000e+01 2.875459000000000174e+02
2.000000000000000000e+01 2.877366000000000099e+02
2.050000000000000000e+01 2.879542999999999893e+02
2.100000000000000000e+01 2.881571000000000140e+02
2.150000000000000000e+01 2.883505999999999858e+02
2.200000000000000000e+01 2.886084999999999923e+02
2.250000000000000000e+01 2.888193999999999733e+02
2.300000000000000000e+01 2.889778999999999769e+02
2.350000000000000000e+01 2.892076000000000136e+02
2.400000000000000000e+01 2.894144999999999754e+02
2.450000000000000000e+01 2.896078999999999724e+02
2.500000000000000000e+01 2.898349999999999795e+02
2.550000000000000000e+01 2.900418999999999983e+02
2.600000000000000000e+01 2.902715999999999781e+02
2.650000000000000000e+01 2.904771000000000072e+02
2.700000000000000000e+01 2.906974000000000160e+02
2.750000000000000000e+01 2.909137000000000057e+02
2.800000000000000000e+01 2.911299999999999955e+02
2.850000000000000000e+01 2.913233999999999924e+02
2.900000000000000000e+01 2.915599000000000274e+02
2.950000000000000000e+01 2.917909000000000219e+02
3.000000000000000000e+01 2.920004999999999882e+02
3.050000000000000000e+01 2.922087000000000216e+02
3.100000000000000000e+01 2.924531999999999812e+02
3.150000000000000000e+01 2.926841999999999757e+02
3.200000000000000000e+01 2.929071999999999889e+02
3.250000000000000000e+01 2.931437000000000239e+02
3.300000000000000000e+01 2.933666999999999803e+02
3.350000000000000000e+01 2.936018000000000256e+02
3.400000000000000000e+01 2.938381999999999721e+02
3.450000000000000000e+01 2.940787000000000262e+02
3.500000000000000000e+01 2.943285000000000196e+02
3.550000000000000000e+01 2.945568999999999846e+02
3.600000000000000000e+01 2.947919999999999732e+02
3.650000000000000000e+01 2.950511999999999944e+02
3.700000000000000000e+01 2.952595000000000027e+02
3.750000000000000000e+01 2.954986000000000104e+02
3.800000000000000000e+01 2.957416999999999803e+02
3.850000000000000000e+01 2.959660999999999831e+02
3.900000000000000000e+01 2.961836999999999875e+02
3.950000000000000000e+01 2.964067000000000007e+02
4.000000000000000000e+01 2.966471999999999980e+02
4.050000000000000000e+01 2.968956999999999766e+02
4.100000000000000000e+01 2.971254000000000133e+02
4.150000000000000000e+01 2.973457000000000221e+02
4.200000000000000000e+01 2.975552999999999884e+02
4.250000000000000000e+01 2.977715999999999781e+02
4.300000000000000000e+01 2.980065999999999917e+02
4.350000000000000000e+01 2.982443999999999846e+02
4.400000000000000000e+01 3.006866999999999734e+02
4.450000000000000000e+01 2.986648999999999887e+02
4.500000000000000000e+01 2.988851999999999975e+02
4.550000000000000000e+01 2.991202999999999861e+02
4.600000000000000000e+01 2.993272000000000048e+02
4.650000000000000000e+01 2.995649000000000228e+02
4.700000000000000000e+01 2.997798999999999978e+02
4.750000000000000000e+01 2.999868000000000166e+02
4.800000000000000000e+01 3.002137999999999920e+02
4.850000000000000000e+01 3.004368000000000052e+02
4.900000000000000000e+01 3.006464000000000283e+02
4.950000000000000000e+01 3.008949000000000069e+02
5.000000000000000000e+01 3.010776000000000181e+02
5.050000000000000000e+01 3.012803999999999860e+02
5.100000000000000000e+01 3.015409999999999968e+02
5.150000000000000000e+01 3.017559999999999718e+02
5.200000000000000000e+01 3.019547999999999774e+02
5.250000000000000000e+01 3.021616999999999962e+02
5.300000000000000000e+01 3.023738999999999919e+02
5.350000000000000000e+01 3.025928999999999860e+02
5.400000000000000000e+01 3.028038000000000238e+02
5.450000000000000000e+01 3.030133999999999901e+02
5.500000000000000000e+01 3.032040999999999826e+02
5.550000000000000000e+01 3.034338000000000193e+02
5.600000000000000000e+01 3.036340000000000146e+02
5.650000000000000000e+01 3.038086000000000126e+02
5.700000000000000000e+01 3.040396999999999821e+02
5.750000000000000000e+01 3.042371999999999730e+02
5.800000000000000000e+01 3.044682000000000244e+02
5.850000000000000000e+01 3.046481999999999744e+02
5.900000000000000000e+01 3.048308999999999855e+02
5.950000000000000000e+01 3.050620000000000118e+02
6.000000000000000000e+01 3.052259000000000242e+02
6.050000000000000000e+01 3.054341000000000008e+02
6.100000000000000000e+01 3.056383000000000152e+02
6.150000000000000000e+01 3.058276999999999930e+02
6.200000000000000000e+01 3.060278999999999883e+02
6.250000000000000000e+01 3.062225999999999999e+02
6.300000000000000000e+01 3.064107000000000198e+02
6.350000000000000000e+01 3.066121999999999730e+02
6.400000000000000000e+01 3.067787999999999897e+02
6.450000000000000000e+01 3.070151999999999930e+02
6.500000000000000000e+01 3.071711000000000240e+02
6.550000000000000000e+01 3.073591000000000122e+02
6.600000000000000000e+01 3.075754000000000019e+02
6.650000000000000000e+01 3.077474000000000274e+02
6.700000000000000000e+01 3.079259999999999877e+02
6.750000000000000000e+01 3.081315999999999917e+02
6.800000000000000000e+01 3.083115999999999985e+02
6.850000000000000000e+01 3.085346000000000117e+02
6.900000000000000000e+01 3.086997999999999820e+02
6.950000000000000000e+01 3.089121000000000095e+02
7.000000000000000000e+01 3.091351000000000226e+02
7.050000000000000000e+01 3.092948999999999842e+02
7.100000000000000000e+01 3.095178999999999974e+02
7.150000000000000000e+01 3.096736999999999966e+02
7.200000000000000000e+01 3.099101999999999748e+02
7.250000000000000000e+01 3.100244000000000142e+02
7.300000000000000000e+01 3.102312000000000012e+02
7.350000000000000000e+01 3.104341000000000008e+02
7.400000000000000000e+01 3.105939000000000192e+02
7.450000000000000000e+01 3.107631999999999834e+02
7.500000000000000000e+01 3.109377999999999815e+02
7.550000000000000000e+01 3.111634999999999991e+02
7.600000000000000000e+01 3.113260999999999967e+02
7.650000000000000000e+01 3.115355999999999881e+02
7.700000000000000000e+01 3.117182999999999993e+02
7.750000000000000000e+01 3.118903000000000247e+02
7.800000000000000000e+01 3.121039000000000101e+02
7.850000000000000000e+01 3.122475999999999772e+02
7.900000000000000000e+01 3.124397000000000162e+02
7.950000000000000000e+01 3.126600000000000250e+02
8.000000000000000000e+01 3.128360000000000127e+02
8.050000000000000000e+01 3.130079999999999814e+02
8.100000000000000000e+01 3.131986999999999739e+02
8.150000000000000000e+01 3.134189999999999827e+02
8.200000000000000000e+01 3.135896000000000186e+02
8.250000000000000000e+01 3.137830999999999904e+02
8.300000000000000000e+01 3.139685000000000059e+02
8.350000000000000000e+01 3.141243000000000052e+02
8.400000000000000000e+01 3.143378999999999905e+02
8.450000000000000000e+01 3.144843000000000188e+02
8.500000000000000000e+01 3.146750999999999863e+02
8.550000000000000000e+01 3.148618000000000166e+02
8.600000000000000000e+01 3.150484999999999900e+02
8.650000000000000000e+01 3.152259000000000242e+02
8.700000000000000000e+01 3.153978000000000179e+02
8.750000000000000000e+01 3.155792000000000144e+02
8.800000000000000000e+01 3.157753000000000156e+02
8.850000000000000000e+01 3.159404999999999859e+02
8.900000000000000000e+01 3.161367000000000189e+02
8.950000000000000000e+01 3.163032000000000039e+02
9.000000000000000000e+01 3.164725000000000250e+02
9.050000000000000000e+01 3.166847000000000207e+02
9.100000000000000000e+01 3.168432999999999993e+02
9.150000000000000000e+01 3.170178999999999974e+02
9.200000000000000000e+01 3.171899000000000228e+02
9.250000000000000000e+01 3.173913999999999760e+02
9.300000000000000000e+01 3.175283999999999764e+02
9.350000000000000000e+01 3.177459999999999809e+02
9.400000000000000000e+01 3.178709000000000060e+02
9.450000000000000000e+01 3.180362000000000080e+02
9.500000000000000000e+01 3.181718000000000188e+02
9.550000000000000000e+01 3.183720000000000141e+02
9.600000000000000000e+01 3.184807999999999879e+02
9.650000000000000000e+01 3.186419999999999959e+02
9.700000000000000000e+01 3.188059000000000083e+02
9.750000000000000000e+01 3.189644000000000119e+02
9.800000000000000000e+01 3.190973999999999933e+02
9.850000000000000000e+01 3.193029999999999973e+02
9.900000000000000000e+01 3.194051000000000045e+02
9.950000000000000000e+01 3.195878000000000156e+02
1.000000000000000000e+02 3.196818000000000097e+02
1.005000000000000000e+02 3.198403000000000134e+02
1.010000000000000000e+02 3.200135999999999967e+02
1.015000000000000000e+02 3.201560000000000059e+02
1.020000000000000000e+02 3.203333000000000084e+02
1.025000000000000000e+02 3.205147000000000048e+02
1.030000000000000000e+02 3.206650999999999954e+02
1.035000000000000000e+02 3.207900999999999954e+02
1.040000000000000000e+02 3.209875000000000114e+02
1.045000000000000000e+02 3.211326000000000249e+02
1.050000000000000000e+02 3.212952000000000226e+02
1.055000000000000000e+02 3.214522999999999797e+02
1.060000000000000000e+02 3.215853000000000179e+02
1.065000000000000000e+02 3.217330999999999790e+02
1.070000000000000000e+02 3.218661000000000172e+02
1.075000000000000000e+02 3.219963999999999942e+02
1.080000000000000000e+02 3.221267000000000280e+02
1.085000000000000000e+02 3.222785000000000082e+02
1.090000000000000000e+02 3.224209000000000174e+02
1.095000000000000000e+02 3.225484999999999900e+02
1.100000000000000000e+02 3.226693999999999960e+02
1.105000000000000000e+02 3.228199000000000183e+02
1.110000000000000000e+02 3.229556000000000040e+02
1.115000000000000000e+02 3.231046999999999798e+02
1.120000000000000000e+02 3.232174999999999727e+02
1.125000000000000000e+02 3.233706999999999994e+02
1.130000000000000000e+02 3.235171000000000276e+02
1.135000000000000000e+02 3.236662000000000035e+02
1.140000000000000000e+02 3.238113000000000170e+02
1.145000000000000000e+02 3.239658000000000015e+02
1.150000000000000000e+02 3.241188999999999965e+02
1.155000000000000000e+02 3.243016000000000076e+02
1.160000000000000000e+02 3.244667999999999779e+02
1.165000000000000000e+02 3.246227000000000089e+02
1.170000000000000000e+02 3.247959999999999923e+02
1.175000000000000000e+02 3.249490999999999872e+02
1.180000000000000000e+02 3.251734000000000151e+02
1.185000000000000000e+02 3.253575000000000159e+02
1.190000000000000000e+02 3.255375000000000227e+02
1.195000000000000000e+02 3.257135000000000105e+02
1.200000000000000000e+02 3.259069000000000074e+02
1.205000000000000000e+02 3.261447000000000003e+02
1.210000000000000000e+02 3.263165999999999940e+02
1.215000000000000000e+02 3.264940000000000282e+02
1.220000000000000000e+02 3.267103000000000179e+02
1.225000000000000000e+02 3.268673999999999751e+02
1.230000000000000000e+02 3.270407000000000153e+02
1.235000000000000000e+02 3.272112999999999943e+02
1.240000000000000000e+02 3.273672000000000253e+02
1.245000000000000000e+02 3.275593000000000075e+02
1.250000000000000000e+02 3.276881999999999948e+02
1.255000000000000000e+02 3.278641999999999825e+02
1.260000000000000000e+02 3.279891000000000076e+02
1.265000000000000000e+02 3.281302000000000021e+02
1.270000000000000000e+02 3.282712000000000216e+02
1.275000000000000000e+02 3.283747000000000185e+02
1.280000000000000000e+02 3.285156999999999812e+02
1.285000000000000000e+02 3.286567999999999756e+02
1.290000000000000000e+02 3.287857000000000198e+02
1.295000000000000000e+02 3.288946000000000254e+02
1.300000000000000000e+02 3.290369999999999777e+02
1.305000000000000000e+02 3.291578999999999837e+02
1.310000000000000000e+02 3.293002999999999929e+02
1.315000000000000000e+02 3.294506999999999834e+02
1.320000000000000000e+02 3.296039000000000101e+02
1.325000000000000000e+02 3.297382000000000062e+02
1.330000000000000000e+02 3.298376000000000090e+02
1.335000000000000000e+02 3.300242999999999824e+02
1.340000000000000000e+02 3.301533000000000015e+02
1.345000000000000000e+02 3.302916999999999916e+02
1.350000000000000000e+02 3.303978000000000179e+02
1.355000000000000000e+02 3.305402000000000271e+02
1.360000000000000000e+02 3.306879000000000133e+02
1.365000000000000000e+02 3.308061999999999898e+02
1.370000000000000000e+02 3.309619999999999891e+02
1.375000000000000000e+02 3.311299000000000206e+02
1.380000000000000000e+02 3.313072000000000230e+02
1.385000000000000000e+02 3.314617000000000075e+02
1.390000000000000000e+02 3.316322999999999865e+02
1.395000000000000000e+02 3.318056000000000267e+02
1.400000000000000000e+02 3.319843000000000188e+02
1.405000000000000000e+02 3.321911999999999807e+02
1.410000000000000000e+02 3.323604000000000269e+02
1.415000000000000000e+02 3.325242999999999824e+02
1.420000000000000000e+02 3.327110999999999876e+02
1.425000000000000000e+02 3.328682000000000016e+02
1.430000000000000000e+02 3.330831999999999766e+02
1.435000000000000000e+02 3.332296000000000049e+02
1.440000000000000000e+02 3.333586000000000240e+02
1.445000000000000000e+02 3.335076999999999998e+02
1.450000000000000000e+02 3.336607999999999947e+02
1.455000000000000000e+02 3.337789999999999964e+02
1.460000000000000000e+02 3.339134000000000242e+02
1.465000000000000000e+02 3.339886000000000195e+02
1.470000000000000000e+02 3.341068000000000211e+02
1.475000000000000000e+02 3.341431000000000040e+02
1.480000000000000000e+02 3.342733999999999810e+02
1.485000000000000000e+02 3.343593999999999937e+02
1.490000000000000000e+02 3.344963999999999942e+02
1.495000000000000000e+02 3.346333999999999946e+02
1.500000000000000000e+02 3.347488999999999919e+02
1.505000000000000000e+02 3.348670999999999935e+02
1.510000000000000000e+02 3.350471999999999753e+02
1.515000000000000000e+02 3.351761000000000195e+02
1.520000000000000000e+02 3.352875999999999976e+02
1.525000000000000000e+02 3.354273000000000025e+02
1.530000000000000000e+02 3.355065999999999917e+02
1.535000000000000000e+02 3.356073000000000093e+02
1.540000000000000000e+02 3.356933000000000220e+02
1.545000000000000000e+02 3.357993999999999915e+02
1.550000000000000000e+02 3.358611999999999966e+02
1.555000000000000000e+02 3.359660000000000082e+02
1.560000000000000000e+02 3.360278000000000134e+02
1.565000000000000000e+02 3.360989999999999895e+02
1.570000000000000000e+02 3.361850000000000023e+02
1.575000000000000000e+02 3.362871000000000095e+02
1.580000000000000000e+02 3.364361999999999853e+02
1.585000000000000000e+02 3.365262000000000171e+02
1.590000000000000000e+02 3.366134999999999877e+02
1.595000000000000000e+02 3.367425000000000068e+02
1.600000000000000000e+02 3.368285000000000196e+02
1.605000000000000000e+02 3.369828999999999724e+02
1.610000000000000000e+02 3.370649000000000228e+02
1.615000000000000000e+02 3.371979000000000042e+02
1.620000000000000000e+02 3.373093999999999824e+02
1.625000000000000000e+02 3.374356999999999971e+02
1.630000000000000000e+02 3.375296999999999912e+02
1.635000000000000000e+02 3.376345000000000027e+02
1.640000000000000000e+02 3.377178000000000111e+02
1.645000000000000000e+02 3.377808999999999742e+02
1.650000000000000000e+02 3.378521000000000072e+02
1.655000000000000000e+02 3.379554999999999723e+02
1.660000000000000000e+02 3.380240000000000009e+02
1.665000000000000000e+02 3.381220999999999890e+02
1.670000000000000000e+02 3.381879000000000133e+02
1.675000000000000000e+02 3.383048000000000002e+02
1.680000000000000000e+02 3.383908000000000129e+02
1.685000000000000000e+02 3.385264999999999986e+02
1.690000000000000000e+02 3.386191999999999780e+02
1.695000000000000000e+02 3.387239000000000146e+02
1.700000000000000000e+02 3.388528999999999769e+02
1.705000000000000000e+02 3.389617000000000075e+02
1.710000000000000000e+02 3.390892999999999802e+02
1.715000000000000000e+02 3.391834000000000060e+02
1.720000000000000000e+02 3.393285000000000196e+02
1.725000000000000000e+02 3.394399000000000228e+02
1.730000000000000000e+02 3.395394000000000005e+02
1.735000000000000000e+02 3.396818000000000097e+02
1.740000000000000000e+02 3.397649999999999864e+02
1.745000000000000000e+02 3.398738999999999919e+02
1.750000000000000000e+02 3.400054999999999836e+02
1.755000000000000000e+02 3.400874999999999773e+02
1.760000000000000000e+02 3.402151000000000067e+02
1.765000000000000000e+02 3.403387000000000171e+02
1.770000000000000000e+02 3.404703000000000088e+02
1.775000000000000000e+02 3.405926000000000045e+02
1.780000000000000000e+02 3.407013999999999783e+02
1.785000000000000000e+02 3.408142000000000280e+02
1.790000000000000000e+02 3.409660000000000082e+02
1.795000000000000000e+02 3.410654000000000110e+02
1.800000000000000000e+02 3.411943999999999733e+02
1.805000000000000000e+02 3.412749999999999773e+02
1.810000000000000000e+02 3.413609999999999900e+02
1.815000000000000000e+02 3.414750999999999976e+02
1.820000000000000000e+02 3.415907000000000266e+02
1.825000000000000000e+02 3.417008000000000152e+02
1.830000000000000000e+02 3.417586000000000013e+02
1.835000000000000000e+02 3.418713999999999942e+02
1.840000000000000000e+02 3.419291999999999803e+02
1.845000000000000000e+02 3.420124999999999886e+02
1.850000000000000000e+02 3.421159000000000106e+02
1.855000000000000000e+02 3.421843999999999824e+02
1.860000000000000000e+02 3.422461999999999875e+02
1.865000000000000000e+02 3.423670999999999935e+02
1.870000000000000000e+02 3.424746000000000095e+02
1.875000000000000000e+02 3.426197000000000230e+02
1.880000000000000000e+02 3.427379000000000246e+02
1.885000000000000000e+02 3.429340000000000259e+02
1.890000000000000000e+02 3.430885000000000105e+02
1.895000000000000000e+02 3.432685000000000173e+02
1.900000000000000000e+02 3.434377999999999815e+02
1.905000000000000000e+02 3.436259000000000015e+02
1.910000000000000000e+02 3.437601999999999975e+02
1.915000000000000000e+02 3.439750999999999976e+02
1.920000000000000000e+02 3.440907000000000266e+02
1.925000000000000000e+02 3.442491999999999734e+02
1.930000000000000000e+02 3.443485999999999763e+02
1.935000000000000000e+02 3.444802000000000248e+02
1.940000000000000000e+02 3.445837000000000216e+02
1.945000000000000000e+02 3.446924999999999955e+02
1.950000000000000000e+02 3.448281999999999812e+02
1.955000000000000000e+02 3.449182000000000130e+02
1.960000000000000000e+02 3.450726999999999975e+02
1.965000000000000000e+02 3.451815000000000282e+02
1.970000000000000000e+02 3.453466999999999985e+02
1.975000000000000000e+02 3.454891000000000076e+02
1.980000000000000000e+02 3.456220999999999890e+02
1.985000000000000000e+02 3.457712000000000216e+02
1.990000000000000000e+02 3.458799999999999955e+02
1.995000000000000000e+02 3.460278000000000134e+02
2.000000000000000000e+02 3.461702000000000226e+02
2.005000000000000000e+02 3.463059000000000083e+02
2.010000000000000000e+02 3.464107000000000198e+02
2.015000000000000000e+02 3.465167999999999893e+02
2.020000000000000000e+02 3.466578000000000088e+02
2.025000000000000000e+02 3.468016000000000076e+02
2.030000000000000000e+02 3.469089999999999918e+02
2.035000000000000000e+02 3.470110999999999990e+02
2.040000000000000000e+02 3.471225999999999772e+02
2.045000000000000000e+02 3.472273999999999887e+02
2.050000000000000000e+02 3.473403000000000134e+02
2.055000000000000000e+02 3.474504000000000019e+02
2.060000000000000000e+02 3.475901000000000067e+02
2.065000000000000000e+02 3.477164000000000215e+02
2.070000000000000000e+02 3.478964000000000283e+02
2.075000000000000000e+02 3.480387999999999806e+02
2.080000000000000000e+02 3.481730999999999767e+02
2.085000000000000000e+02 3.483396999999999935e+02
2.090000000000000000e+02 3.484956000000000245e+02
2.095000000000000000e+02 3.486782000000000039e+02
2.100000000000000000e+02 3.488045000000000186e+02
2.105000000000000000e+02 3.489347999999999956e+02
2.110000000000000000e+02 3.490316000000000258e+02
2.115000000000000000e+02 3.491376999999999953e+02
2.120000000000000000e+02 3.491686000000000263e+02
2.125000000000000000e+02 3.491927999999999770e+02
2.130000000000000000e+02 3.492196000000000140e+02
2.135000000000000000e+02 3.492733999999999810e+02
2.140000000000000000e+02 3.493109999999999786e+02
2.145000000000000000e+02 3.493686999999999898e+02
2.150000000000000000e+02 3.494331999999999994e+02
2.155000000000000000e+02 3.495058000000000220e+02
2.160000000000000000e+02 3.495192000000000121e+02
2.165000000000000000e+02 3.495756000000000085e+02
2.170000000000000000e+02 3.496401000000000181e+02
2.175000000000000000e+02 3.496911000000000058e+02
2.180000000000000000e+02 3.497597000000000094e+02
2.185000000000000000e+02 3.498147000000000162e+02
2.190000000000000000e+02 3.498899999999999864e+02
2.195000000000000000e+02 3.499343000000000075e+02
2.200000000000000000e+02 3.499732000000000198e+02
2.205000000000000000e+02 3.500162000000000262e+02
2.210000000000000000e+02 3.500525000000000091e+02
2.215000000000000000e+02 3.500846999999999980e+02
2.220000000000000000e+02 3.501478999999999928e+02
2.225000000000000000e+02 3.501800999999999817e+02
2.230000000000000000e+02 3.502339000000000055e+02
2.235000000000000000e+02 3.502767999999999802e+02
2.240000000000000000e+02 3.503023999999999774e+02
2.245000000000000000e+02 3.503184999999999718e+02
2.250000000000000000e+02 3.503815999999999917e+02
2.255000000000000000e+02 3.504286000000000172e+02
2.260000000000000000e+02 3.505065999999999917e+02
2.265000000000000000e+02 3.506139999999999759e+02
2.270000000000000000e+02 3.506530000000000200e+02
2.275000000000000000e+02 3.507309000000000196e+02
2.280000000000000000e+02 3.508451000000000022e+02
2.285000000000000000e+02 3.509954999999999927e+02
2.290000000000000000e+02 3.511191000000000031e+02
2.295000000000000000e+02 3.512493999999999801e+02
2.300000000000000000e+02 3.514268000000000143e+02
2.305000000000000000e+02 3.515704999999999814e+02
2.310000000000000000e+02 3.517398000000000025e+02
2.315000000000000000e+02 3.518835000000000264e+02
2.320000000000000000e+02 3.520043999999999755e+02
2.325000000000000000e+02 3.521616000000000213e+02
2.330000000000000000e+02 3.522610000000000241e+02
2.335000000000000000e+02 3.524006999999999721e+02
2.340000000000000000e+02 3.525203000000000202e+02
2.345000000000000000e+02 3.525658999999999992e+02
2.350000000000000000e+02 3.526263999999999896e+02
2.355000000000000000e+02 3.526546000000000163e+02
2.360000000000000000e+02 3.527042999999999893e+02
2.365000000000000000e+02 3.527808999999999742e+02
2.370000000000000000e+02 3.528158000000000243e+02
2.375000000000000000e+02 3.528439999999999941e+02
2.380000000000000000e+02 3.529354000000000156e+02
2.385000000000000000e+02 3.530079000000000065e+02
2.390000000000000000e+02 3.530482000000000085e+02
2.395000000000000000e+02 3.530871999999999957e+02
2.400000000000000000e+02 3.531073000000000093e+02
2.405000000000000000e+02 3.531811999999999898e+02
2.410000000000000000e+02 3.532429999999999950e+02
2.415000000000000000e+02 3.533102000000000089e+02
2.420000000000000000e+02 3.533813999999999851e+02
2.425000000000000000e+02 3.534082000000000221e+02
2.430000000000000000e+02 3.534995999999999867e+02
2.435000000000000000e+02 3.535923000000000229e+02
2.440000000000000000e+02 3.536875999999999749e+02
2.445000000000000000e+02 3.537547999999999888e+02
2.450000000000000000e+02 3.538233000000000175e+02
2.455000000000000000e+02 3.539053000000000111e+02
2.460000000000000000e+02 3.539832000000000107e+02
2.465000000000000000e+02 3.540799000000000092e+02
2.470000000000000000e+02 3.541336000000000013e+02
2.475000000000000000e+02 3.542022000000000048e+02
2.480000000000000000e+02 3.542975000000000136e+02
2.485000000000000000e+02 3.543512999999999806e+02
2.490000000000000000e+02 3.544950000000000045e+02
2.495000000000000000e+02 3.545998000000000161e+02
2.500000000000000000e+02 3.547461999999999875e+02
2.505000000000000000e+02 3.549073999999999955e+02
2.510000000000000000e+02 3.550162000000000262e+02
2.515000000000000000e+02 3.551653000000000020e+02
2.520000000000000000e+02 3.552432999999999765e+02
2.525000000000000000e+02 3.553761999999999830e+02
2.530000000000000000e+02 3.554931000000000267e+02
2.535000000000000000e+02 3.556073000000000093e+02
2.540000000000000000e+02 3.557282000000000153e+02
2.545000000000000000e+02 3.558478000000000065e+02
2.550000000000000000e+02 3.559096000000000117e+02
2.555000000000000000e+02 3.560022999999999911e+02
2.560000000000000000e+02 3.561043999999999983e+02
2.565000000000000000e+02 3.561392999999999915e+02
2.570000000000000000e+02 3.561902999999999793e+02
2.575000000000000000e+02 3.562561999999999784e+02
2.580000000000000000e+02 3.562656000000000063e+02
2.585000000000000000e+02 3.563032000000000039e+02
2.590000000000000000e+02 3.563487999999999829e+02
2.595000000000000000e+02 3.563783999999999992e+02
2.600000000000000000e+02 3.564710999999999785e+02
2.605000000000000000e+02 3.565153999999999996e+02
2.610000000000000000e+02 3.565799000000000092e+02
2.615000000000000000e+02 3.566524000000000001e+02
2.620000000000000000e+02 3.567491999999999734e+02
2.625000000000000000e+02 3.568190000000000168e+02
2.630000000000000000e+02 3.569359000000000037e+02
2.635000000000000000e+02 3.570124999999999886e+02
2.640000000000000000e+02 3.570366000000000213e+02
2.645000000000000000e+02 3.571105000000000018e+02
2.650000000000000000e+02 3.571628999999999792e+02
2.655000000000000000e+02 3.572246999999999844e+02
2.660000000000000000e+02 3.572649999999999864e+02
2.665000000000000000e+02 3.573039999999999736e+02
2.670000000000000000e+02 3.573389000000000237e+02
2.675000000000000000e+02 3.573684999999999832e+02
2.680000000000000000e+02 3.574168000000000234e+02
2.685000000000000000e+02 3.574463999999999828e+02
2.690000000000000000e+02 3.574947000000000230e+02
2.695000000000000000e+02 3.575498000000000047e+02
2.700000000000000000e+02 3.576358000000000175e+02
2.705000000000000000e+02 3.576988999999999805e+02
2.710000000000000000e+02 3.577767999999999802e+02
2.715000000000000000e+02 3.578211999999999762e+02
2.720000000000000000e+02 3.579003999999999905e+02
2.725000000000000000e+02 3.579594999999999914e+02
2.730000000000000000e+02 3.580602999999999838e+02
2.735000000000000000e+02 3.580683000000000220e+02
2.740000000000000000e+02 3.581005999999999858e+02
2.745000000000000000e+02 3.581892000000000280e+02
2.750000000000000000e+02 3.582336000000000240e+02
2.755000000000000000e+02 3.582887000000000057e+02
2.760000000000000000e+02 3.583276000000000181e+02
2.765000000000000000e+02 3.583947999999999752e+02
2.770000000000000000e+02 3.584311000000000149e+02
2.775000000000000000e+02 3.584390999999999963e+02
2.780000000000000000e+02 3.584927999999999884e+02
2.785000000000000000e+02 3.585237000000000194e+02
2.790000000000000000e+02 3.586084000000000174e+02
2.795000000000000000e+02 3.586003000000000043e+02
2.800000000000000000e+02 3.586392999999999915e+02
2.805000000000000000e+02 3.587454000000000178e+02
2.810000000000000000e+02 3.587844000000000051e+02
2.815000000000000000e+02 3.588555999999999813e+02
2.820000000000000000e+02 3.589320999999999913e+02
2.825000000000000000e+02 3.589993000000000052e+02
2.830000000000000000e+02 3.590880000000000223e+02
2.835000000000000000e+02 3.591605000000000132e+02
2.840000000000000000e+02 3.591832999999999743e+02
2.845000000000000000e+02 3.592638999999999783e+02
2.850000000000000000e+02 3.593082999999999743e+02
2.855000000000000000e+02 3.593673999999999751e+02
2.860000000000000000e+02 3.594492999999999938e+02
2.865000000000000000e+02 3.595486999999999966e+02
2.870000000000000000e+02 3.596467999999999847e+02
2.875000000000000000e+02 3.597461999999999875e+02
2.880000000000000000e+02 3.598564000000000078e+02
2.885000000000000000e+02 3.599610999999999876e+02
2.890000000000000000e+02 3.600416999999999916e+02
2.895000000000000000e+02 3.601358000000000175e+02
2.900000000000000000e+02 3.602405999999999722e+02
2.905000000000000000e+02 3.602996999999999730e+02
2.910000000000000000e+02 3.604098000000000184e+02
2.915000000000000000e+02 3.604662000000000148e+02
2.920000000000000000e+02 3.605038999999999874e+02
2.925000000000000000e+02 3.605602999999999838e+02
2.930000000000000000e+02 3.606046000000000049e+02
2.935000000000000000e+02 3.606476000000000113e+02
2.940000000000000000e+02 3.607443000000000097e+02
2.945000000000000000e+02 3.607993999999999915e+02
2.950000000000000000e+02 3.608127999999999815e+02
2.955000000000000000e+02 3.608854000000000042e+02
2.960000000000000000e+02 3.609538999999999760e+02
2.965000000000000000e+02 3.609700000000000273e+02
2.970000000000000000e+02 3.610505999999999744e+02
2.975000000000000000e+02 3.611284999999999741e+02
2.980000000000000000e+02 3.611902999999999793e+02
2.985000000000000000e+02 3.612910999999999717e+02
2.990000000000000000e+02 3.613650000000000091e+02
2.995000000000000000e+02 3.614696999999999889e+02
3.000000000000000000e+02 3.616161999999999921e+02
3.005000000000000000e+02 3.617706000000000017e+02
3.010000000000000000e+02 3.619223999999999819e+02
3.015000000000000000e+02 3.620514000000000010e+02
3.020000000000000000e+02 3.621628999999999792e+02
3.025000000000000000e+02 3.622717000000000098e+02
3.030000000000000000e+02 3.623845999999999776e+02
3.035000000000000000e+02 3.624692000000000007e+02
3.040000000000000000e+02 3.625672999999999888e+02
3.045000000000000000e+02 3.626988999999999805e+02
3.050000000000000000e+02 3.627701000000000136e+02
3.055000000000000000e+02 3.628265000000000100e+02
3.060000000000000000e+02 3.629044000000000096e+02
3.065000000000000000e+02 3.629420999999999822e+02
3.070000000000000000e+02 3.630280000000000200e+02
3.075000000000000000e+02 3.630844999999999914e+02
3.080000000000000000e+02 3.631154000000000224e+02
3.085000000000000000e+02 3.631730999999999767e+02
3.090000000000000000e+02 3.632536999999999807e+02
3.095000000000000000e+02 3.633437000000000126e+02
3.100000000000000000e+02 3.634135999999999740e+02
3.105000000000000000e+02 3.634941999999999780e+02
3.110000000000000000e+02 3.634968999999999824e+02
3.115000000000000000e+02 3.635733999999999924e+02
3.120000000000000000e+02 3.636472999999999729e+02
3.125000000000000000e+02 3.637386999999999944e+02
3.130000000000000000e+02 3.638675999999999817e+02
3.135000000000000000e+02 3.640033000000000243e+02
3.140000000000000000e+02 3.641403000000000247e+02
3.145000000000000000e+02 3.642894999999999754e+02
3.150000000000000000e+02 3.643620000000000232e+02
3.155000000000000000e+02 3.644506999999999834e+02
3.160000000000000000e+02 3.645407000000000153e+02
3.165000000000000000e+02 3.646401000000000181e+02
3.170000000000000000e+02 3.647058999999999855e+02
3.175000000000000000e+02 3.647703999999999951e+02
3.180000000000000000e+02 3.648281000000000063e+02
3.185000000000000000e+02 3.649370000000000118e+02
3.190000000000000000e+02 3.650310000000000059e+02
3.195000000000000000e+02 3.651573000000000206e+02
3.200000000000000000e+02 3.652513000000000147e+02
3.205000000000000000e+02 3.653695000000000164e+02
3.210000000000000000e+02 3.654635999999999854e+02
3.215000000000000000e+02 3.655145999999999731e+02
3.220000000000000000e+02 3.655912000000000148e+02
3.225000000000000000e+02 3.656838999999999942e+02
3.230000000000000000e+02 3.657590999999999894e+02
3.235000000000000000e+02 3.658799999999999955e+02
3.240000000000000000e+02 3.660102999999999724e+02
3.245000000000000000e+02 3.660788000000000011e+02
3.250000000000000000e+02 3.662024000000000115e+02
3.255000000000000000e+02 3.662842999999999734e+02
3.260000000000000000e+02 3.664214000000000055e+02
3.265000000000000000e+02 3.665099999999999909e+02
3.270000000000000000e+02 3.666014000000000124e+02
3.275000000000000000e+02 3.667397000000000276e+02
3.280000000000000000e+02 3.668605999999999767e+02
3.285000000000000000e+02 3.669198000000000093e+02
3.290000000000000000e+02 3.669950000000000045e+02
3.295000000000000000e+02 3.670473999999999819e+02
3.300000000000000000e+02 3.671132000000000062e+02
3.305000000000000000e+02 3.671589000000000169e+02
3.310000000000000000e+02 3.671897999999999911e+02
3.315000000000000000e+02 3.672850999999999999e+02
3.320000000000000000e+02 3.673899000000000115e+02
3.325000000000000000e+02 3.674356000000000222e+02
3.330000000000000000e+02 3.674825999999999908e+02
3.335000000000000000e+02 3.675095000000000027e+02
3.340000000000000000e+02 3.675323000000000206e+02
3.345000000000000000e+02 3.675471000000000004e+02
3.350000000000000000e+02 3.675350000000000250e+02
3.355000000000000000e+02 3.674920000000000186e+02
3.360000000000000000e+02 3.674947000000000230e+02
3.365000000000000000e+02 3.675269999999999868e+02
3.370000000000000000e+02 3.675149000000000115e+02
3.375000000000000000e+02 3.675350000000000250e+02
3.380000000000000000e+02 3.675484000000000151e+02
3.385000000000000000e+02 3.675874000000000024e+02
3.390000000000000000e+02 3.676182999999999765e+02
3.395000000000000000e+02 3.676625999999999976e+02
3.400000000000000000e+02 3.677257999999999925e+02
3.405000000000000000e+02 3.678358999999999810e+02
3.410000000000000000e+02 3.679191999999999894e+02
3.415000000000000000e+02 3.680145999999999731e+02
3.420000000000000000e+02 3.681354999999999791e+02
3.425000000000000000e+02 3.682509999999999764e+02
3.430000000000000000e+02 3.683464000000000169e+02
3.435000000000000000e+02 3.684014999999999986e+02
3.440000000000000000e+02 3.684807000000000130e+02
3.445000000000000000e+02 3.685344999999999800e+02
3.450000000000000000e+02 3.685896000000000186e+02
3.455000000000000000e+02 3.686526999999999816e+02
3.460000000000000000e+02 3.686727999999999952e+02
3.465000000000000000e+02 3.687547999999999888e+02
3.470000000000000000e+02 3.688138999999999896e+02
3.475000000000000000e+02 3.689105999999999881e+02
3.480000000000000000e+02 3.689469000000000278e+02
3.485000000000000000e+02 3.690839000000000283e+02
3.490000000000000000e+02 3.691578000000000088e+02
3.495000000000000000e+02 3.692411000000000172e+02
3.500000000000000000e+02 3.693190000000000168e+02
3.505000000000000000e+02 3.693888999999999783e+02
3.510000000000000000e+02 3.695205000000000268e+02
3.515000000000000000e+02 3.696198999999999728e+02
3.520000000000000000e+02 3.697368000000000166e+02
3.525000000000000000e+02 3.698899000000000115e+02
3.530000000000000000e+02 3.700013999999999896e+02
3.535000000000000000e+02 3.701317000000000235e+02
3.540000000000000000e+02 3.703077000000000112e+02
3.545000000000000000e+02 3.704098000000000184e+02
3.550000000000000000e+02 3.705360999999999763e+02
3.555000000000000000e+02 3.705776999999999930e+02
3.560000000000000000e+02 3.706367999999999938e+02
3.565000000000000000e+02 3.707201000000000022e+02
3.570000000000000000e+02 3.707697999999999752e+02
3.575000000000000000e+02 3.708142000000000280e+02
3.580000000000000000e+02 3.708799999999999955e+02
3.585000000000000000e+02 3.709121999999999844e+02
3.590000000000000000e+02 3.709578999999999951e+02
3.595000000000000000e+02 3.710251000000000090e+02
3.600000000000000000e+02 3.711136999999999944e+02
3.605000000000000000e+02 3.711675000000000182e+02
3.610000000000000000e+02 3.712386999999999944e+02
3.615000000000000000e+02 3.713299999999999841e+02
3.620000000000000000e+02 3.714066000000000258e+02
3.625000000000000000e+02 3.714764000000000124e+02
3.630000000000000000e+02 3.715529999999999973e+02
3.635000000000000000e+02 3.716027000000000271e+02
3.640000000000000000e+02 3.716793000000000120e+02
3.645000000000000000e+02 3.717343999999999937e+02
3.650000000000000000e+02 3.717880999999999858e+02
3.655000000000000000e+02 3.718647000000000276e+02
3.660000000000000000e+02 3.719304999999999950e+02
3.665000000000000000e+02 3.719882999999999811e+02
3.670000000000000000e+02 3.720849999999999795e+02
3.675000000000000000e+02 3.721521000000000186e+02
3.680000000000000000e+02 3.721843999999999824e+02
3.685000000000000000e+02 3.722488999999999919e+02
3.690000000000000000e+02 3.723872000000000071e+02
3.695000000000000000e+02 3.724759000000000242e+02
3.700000000000000000e+02 3.725577999999999861e+02
3.705000000000000000e+02 3.726532000000000266e+02
3.710000000000000000e+02 3.727513000000000147e+02
3.715000000000000000e+02 3.728358999999999810e+02
3.720000000000000000e+02 3.729313000000000216e+02
3.725000000000000000e+02 3.730670000000000073e+02
3.730000000000000000e+02 3.731784999999999854e+02
3.735000000000000000e+02 3.733127999999999815e+02
3.740000000000000000e+02 3.734511999999999716e+02
3.745000000000000000e+02 3.735681000000000154e+02
3.750000000000000000e+02 3.736499999999999773e+02
3.755000000000000000e+02 3.737185000000000059e+02
3.760000000000000000e+02 3.737923999999999864e+02
3.765000000000000000e+02 3.738756999999999948e+02
3.770000000000000000e+02 3.739818000000000211e+02
3.775000000000000000e+02 3.740369000000000028e+02
3.780000000000000000e+02 3.740812000000000239e+02
3.785000000000000000e+02 3.741644999999999754e+02
3.790000000000000000e+02 3.741886999999999830e+02
3.795000000000000000e+02 3.741954000000000065e+02
3.800000000000000000e+02 3.742438000000000216e+02
