3.833202670903649079e+01 3.399489947758216335e-01
3.649060890229244336e+01 9.180112523777050892e-01
3.729051887769042395e+01 9.426708126379490515e-01
3.481717442311069988e+01 1.196183346031580719e+00
3.326735192397168106e+01 1.815747436944440407e+00
3.182911130035382286e+01 2.343835651269873033e+00
3.361926398287605622e+01 2.370905445186467730e+00
3.008779871817965557e+01 2.453555532319061427e+00
2.973695391556353229e+01 2.613946446629783260e+00
2.588225774805267321e+01 3.718040977741191355e+00
2.488587691773807364e+01 3.943923324517894180e+00
2.631295753742311661e+01 4.084535209733766159e+00
2.038625903177730692e+01 5.349223296321498289e+00
1.970344311287788841e+01 5.464174995707305804e+00
2.030533660814770514e+01 5.578972807890053787e+00
2.016888797119621657e+01 5.580470716168287382e+00
2.097732930027116183e+01 5.623771670699648340e+00
1.668416670263706436e+01 6.520484357235298845e+00
1.704384334650925936e+01 6.968801790263014162e+00
1.239685037177276428e+01 7.863919717985956126e+00
1.100721942133228382e+01 8.228084476583333640e+00
1.073942189228742450e+01 8.469529986901227048e+00
7.923958618635452922e+00 8.985906607130718982e+00
7.272317591734370978e+00 9.064045009470634184e+00
7.103507918994431236e+00 9.636327926729746807e+00
