  1.3563527413474714e+002 -3.4000000000000000e+001
  1.3437645913475149e+002 -3.2570601371377400e+001
  1.3546039451977001e+002 -3.1073585183476101e+001
  1.3370336753628129e+002 -2.9726899318974318e+001
  1.3472689684575039e+002 -2.8400085517551769e+001
  1.3246076916847431e+002 -2.6668450358294891e+001
  1.3371065315670305e+002 -2.5370577367567854e+001
  1.3435618822810471e+002 -2.4084441220369779e+001
  1.3326125507360948e+002 -2.2586066664279777e+001
  1.3438229962670042e+002 -2.1526456975858977e+001
  1.3217546310405544e+002 -1.9760775953064091e+001
  1.3012672469362349e+002 -1.8591900476367599e+001
  1.3066419875555891e+002 -1.7123993034831848e+001
  1.3223015699768433e+002 -1.6461544743465172e+001
  1.3057242969217970e+002 -1.4093060844616140e+001
  1.3038428536379223e+002 -1.3277396621892116e+001
  1.3020517293904112e+002 -1.3149375754128229e+001
  1.2684953801182165e+002 -1.0748963900893358e+001
  1.2738274848151781e+002 -9.0940379984337554e+000
  1.2656126542628138e+002 -8.2342276864305717e+000
  1.2550027298246837e+002 -6.6197223034734982e+000
  1.2532184092738908e+002 -5.4890602070211010e+000
  1.2574185031240856e+002 -5.7777921875565035e+000
  1.2361798035431494e+002 -5.6495921184474334e+000
  1.2357821989737604e+002 -1.8419118754464918e+000
  1.2120362928569718e+002 -1.7774347459394946e+000
  1.2067484356760431e+002 -1.0553757107615738e+000
  1.1909965602163314e+002 -4.2413157668602253e-001
  1.1890265923226355e+002 -3.8741986085003077e-001
  1.1726468555802990e+002  1.8584113952705366e+000
  1.1655799405540755e+002  1.4148362422994936e+000
  1.1548415404511634e+002  2.6455085614505265e+000
  1.1387832473026788e+002  3.9393562572519869e+000
  1.1315339768682460e+002  5.5048442793256385e+000
  1.1256857110857153e+002  5.8798199989388209e+000
  1.1044331311472320e+002  5.0054344445385439e+000
  1.0892339435490291e+002  8.1698572148252353e+000
  1.0798786874639418e+002  7.4327632502786685e+000
  1.0633459034319326e+002  9.6817682322082703e+000
  1.0461365232445921e+002  7.2926664740210043e+000
  1.0378234143415216e+002  8.1386614158244015e+000
  1.0227327043200332e+002  8.5553692638611309e+000
  1.0083488542284044e+002  9.5554791003995163e+000
  9.9788089148658088e+001  9.0269286712888928e+000
  9.8461358069093350e+001  9.3122860714596101e+000
  9.6645549473690863e+001  8.1423975448655881e+000
  9.5327854730106779e+001  9.8526219806161919e+000
  9.3832311090778617e+001  1.1086853170444861e+001
  9.2522749322093688e+001  1.0747771072847549e+001
  9.1009526934969173e+001  1.0819815213688244e+001
  8.9636983149095045e+001  1.0881612846090214e+001
  8.8215797939158222e+001  1.1133314089914684e+001
  8.6787268374347931e+001  1.0386552011909394e+001
  8.5266132998580062e+001  1.0061919699602612e+001
  8.4016364069684002e+001  1.1099055723824137e+001
  8.2596771806288046e+001  9.9680258289762449e+000
  8.1426483950223286e+001  1.0351340421574776e+001
  8.0166274199847976e+001  8.8916759812806205e+000
  7.8591535723567077e+001  9.3408309631677753e+000
  7.6962579049371499e+001  9.8074155622560397e+000
  7.5861591679667939e+001  7.8196403841854192e+000
  7.4813554687169812e+001  8.3212624086498437e+000
  7.2621045883748707e+001  7.4570981413205644e+000
  7.2007775550003913e+001  7.0502200801193879e+000
  7.0434433843208410e+001  6.1986699714800224e+000
  6.9160451498555318e+001  4.0421385707354816e+000
  6.8033831955058119e+001  5.0807212099271837e+000
  6.6479261216521650e+001  5.6806766101212673e+000
  6.5625164500775384e+001  4.2802811142276838e+000
  6.5252584385153980e+001  2.6313070961592686e+000
  6.3762951652610248e+001  1.5804599625690159e+000
  6.1871238042906292e+001  1.4405961760527148e+000
  6.1735601885867709e+001  5.2117063130701524e-002
  6.0086525854668380e+001 -9.8255649939935097e-001
  5.9466655686276738e+001 -1.5185802641646973e+000
  5.8645996846159051e+001 -1.6831789531836705e+000
  5.7581899903995328e+001 -5.2940639298273595e+000
  5.6190257754360182e+001 -4.2720664161382231e+000
  5.4841167605192965e+001 -6.3779927236425351e+000
  5.4194452402654129e+001 -6.2953616050675585e+000
  5.2394371498427432e+001 -9.4114346587278348e+000
  5.2665686205922690e+001 -9.3076663778539341e+000
  5.2988016215030953e+001 -1.0351174572053729e+001
  5.0961348123040807e+001 -1.1813955403838364e+001
  5.0219196125925698e+001 -1.2941296761788951e+001
  4.9350244472643915e+001 -1.4779054405215398e+001
  4.8571308762201291e+001 -1.5860184233334795e+001
  4.7279656439320192e+001 -1.7010610508769751e+001
  4.8446064822779277e+001 -1.7887023805493982e+001
  4.7203772701910722e+001 -1.9543933898077277e+001
  4.7021795527828395e+001 -2.0249431218015577e+001
  4.7170381166749586e+001 -2.2030336405669157e+001
  4.4179132289129271e+001 -2.3880155919676419e+001
  4.6196571579145129e+001 -2.4921920193962428e+001
  4.7065143463738167e+001 -2.6337370877222337e+001
  4.3701186905734296e+001 -2.7613166347567553e+001
  4.4950932096125541e+001 -2.9061574576235330e+001
  4.6255672141015459e+001 -3.0473638736396715e+001
  4.4430804324838327e+001 -3.1904299204605987e+001
  4.3735983852644097e+001 -3.3290637852100893e+001
  4.5901538321838409e+001 -3.4687585492961041e+001
  4.4915434989251317e+001 -3.6159424569034684e+001
  4.5278724009682342e+001 -3.7444002965943916e+001
  4.6430791087498612e+001 -3.8889796460316333e+001
  4.4281659475651551e+001 -4.0351512899856424e+001
  4.5692012339309450e+001 -4.1818162553387062e+001
  4.5419395044148565e+001 -4.3155023629675057e+001
  4.6952257533696844e+001 -4.4964611221913387e+001
  4.7242981164659746e+001 -4.6362614875170316e+001
  4.6708880416766362e+001 -4.7481400408969463e+001
  4.7349381591377906e+001 -4.8676719160170933e+001
  4.6206251950945557e+001 -4.9695925012271019e+001
  4.8713441005832649e+001 -5.1125375771796669e+001
  4.7011828138262338e+001 -5.2024206349040547e+001
  4.8281007849045601e+001 -5.3724176338174672e+001
  5.1998952435597900e+001 -5.4932722015189015e+001
  5.2427389505826852e+001 -5.7269037536693709e+001
  5.2184485390346843e+001 -5.8013678893945176e+001
  5.2615993084280070e+001 -5.8851607160654808e+001
  5.3255798941221379e+001 -5.9819374306568349e+001
  5.3434154178702464e+001 -6.1185172422935054e+001
  5.5538478199391712e+001 -6.2736041216119567e+001
  5.6432714310660117e+001 -6.4805272965642175e+001
  5.6977482948686820e+001 -6.4629727496881173e+001
  5.7820322680079258e+001 -6.6044009210927840e+001
  5.8620994176665761e+001 -6.6931273779970240e+001
  5.9144978759921386e+001 -6.7821682493950306e+001
  6.0521979437235856e+001 -6.9109286288120842e+001
  6.3110777337366258e+001 -7.0231983075449904e+001
  6.2732873073347321e+001 -7.0146679642114989e+001
  6.3838929177928264e+001 -7.0683020975605643e+001
  6.5134595561532905e+001 -7.1923826162218177e+001
  6.6005958707126538e+001 -7.3341418395390974e+001
  6.7750835780340935e+001 -7.4265134414905248e+001
  6.9471742642859596e+001 -7.3402550849064738e+001
  7.0494468203133067e+001 -7.5342998955607072e+001
  7.2713414461613553e+001 -7.4961875993876845e+001
  7.2847144193518687e+001 -7.5364660905943367e+001
  7.4309104002475095e+001 -7.6698566008792568e+001
  7.5877458709034599e+001 -7.7547630335713137e+001
  7.7231956689420912e+001 -7.6548301710697643e+001
  7.8688659056905792e+001 -7.6033896221200791e+001
  7.9799605998959194e+001 -7.7777111520789276e+001
  8.1103018773798411e+001 -7.8668945839723506e+001
  8.2629315053307209e+001 -7.8465531092861369e+001
  8.4046496922755168e+001 -8.0158801238203935e+001
  8.5394117459863963e+001 -7.8434252983980244e+001
  8.6818246231274529e+001 -7.9679643259093481e+001
  8.8262205848899427e+001 -7.8180768120466553e+001
  8.9634595934238760e+001 -7.7735515973295037e+001
  9.1075955926548986e+001 -7.9653851594653119e+001
  9.2555912684049886e+001 -7.7540817641221508e+001
  9.3859186947023233e+001 -7.7534813987444466e+001
  9.5183488969901731e+001 -7.8084155272732104e+001
  9.6844301224163729e+001 -7.7023008083628568e+001
  9.8132353019834696e+001 -7.8809794556770328e+001
  9.9358154121470264e+001 -7.7710800355932520e+001
  1.0088020996062568e+002 -7.6404338879308909e+001
  1.0172668220206094e+002 -7.6438826185798646e+001
  1.0396366589433885e+002 -7.5944358214520776e+001
  1.0465556241757956e+002 -7.6365150519007187e+001
  1.0606470478007171e+002 -7.3688244015890433e+001
  1.0815489987939421e+002 -7.4763802191888587e+001
  1.0854589745743932e+002 -7.3563138307642390e+001
  1.1002232058899536e+002 -7.4502103575922490e+001
  1.1122547967639619e+002 -7.4075643248834012e+001
  1.1352200964328381e+002 -7.2979271024448579e+001
  1.1396295986662575e+002 -7.2030160256665795e+001
  1.1450804331944640e+002 -6.9155402056187000e+001
  1.1562096119670274e+002 -7.0553400137728801e+001
  1.1847526033806015e+002 -6.8988000479108649e+001
  1.1975890493900428e+002 -6.8594250000307767e+001
  1.2069093699563740e+002 -6.7634896908627212e+001
  1.1981373020855477e+002 -6.6082178598369154e+001
  1.2154357694112582e+002 -6.6356916154414407e+001
  1.2254214058447909e+002 -6.5093471521948004e+001
  1.2387663985360588e+002 -6.3648402926516070e+001
  1.2413354917926239e+002 -6.3375358901566187e+001
  1.2469484006516058e+002 -6.2670025455413906e+001
  1.2596142428267851e+002 -5.9910955403699639e+001
  1.2803573843802374e+002 -5.9390636037526406e+001
  1.2992575726874986e+002 -5.7622309370692307e+001
  1.2886881913844070e+002 -5.7394671472081654e+001
  1.2914559756522215e+002 -5.6020515689815980e+001
  1.3067124167088150e+002 -5.4288539909683607e+001
  1.3023404587564778e+002 -5.3010795491959783e+001
  1.3296997101056672e+002 -5.1655757198932179e+001
  1.3283683485158073e+002 -5.0987282335958938e+001
  1.3115883091394025e+002 -4.9232119468283003e+001
  1.3213876601520559e+002 -4.7926785114935370e+001
  1.3448248765394135e+002 -4.6263181983079861e+001
  1.3394784251790307e+002 -4.5324211065930577e+001
  1.3428887729764637e+002 -4.4454737710214388e+001
  1.3251813117717586e+002 -4.2528578183581253e+001
  1.3466542996786305e+002 -4.0850947320512901e+001
  1.3532176317461079e+002 -3.9699271783984614e+001
  1.3416434215425505e+002 -3.8120296227637454e+001
  1.3390970118560364e+002 -3.6849129210054521e+001
  1.3479204335312858e+002 -3.5367136893771757e+001
  1.3394596728579998e+002 -3.4000000000000014e+001