 -3.4515613986022159e-001  1.3519788196613590e+003
  2.0631398528752257e+001  6.2440489072822220e+002
  4.1187759187142454e+001 -4.1564817966516426e+002
  6.1856741951288086e+001  1.4796536353657621e+003
  8.0568083602684766e+001 -6.0044877408901982e+002
  1.0101822205589446e+002  3.9485789007350564e+002
  1.2214045763632099e+002  1.4051891955249589e+003
  1.4295158469759741e+002  9.7002811186342001e+002
  1.6270249628467923e+002  2.6496393830298362e+003
  1.8342536616759736e+002  4.6804219307189635e+002
  2.0449443508557675e+002  1.3136556652174206e+003
  2.2466285502349717e+002  2.5481502905513389e+002
  2.4458151053289521e+002 -4.4838684576363494e+002
  2.6507016451812660e+002  1.9822529901150228e+003
  2.8589710373336840e+002  9.4504732417365881e+002
  3.0736291209422262e+002  6.9553786841537431e+001
  3.2707221476774998e+002  1.9030537851296478e+003
  3.4737838375600683e+002  2.8412794340830615e+003
  3.6750794282985396e+002  1.5287969473845835e+003
  3.8728879792244334e+002  4.2967115563274128e+003
  4.0761814059648009e+002  2.0232316558128655e+003
  4.2779547936394579e+002  3.0833694283383447e+003
  4.4834584234474426e+002  2.5552659548793531e+003
  4.6987105699514098e+002  4.2442754631532216e+003
  4.8977523429135039e+002  2.3309198079247808e+003
  5.1035363655645847e+002  2.8133312316869710e+003
  5.3037578057944711e+002  3.5448572989023351e+003
  5.5058077565993494e+002  4.2258362536465102e+003
  5.7134527974506989e+002  2.2540382721023771e+003
  5.9169440635461001e+002  2.0787895313805616e+003
  6.1227844536779924e+002  3.7069991856146717e+003
  6.3258561843664916e+002  3.3564223367560853e+003
  6.5295096938182007e+002  1.8470462381476689e+003
  6.7395538723245181e+002  1.6569117676022702e+003
  6.9391522890179670e+002  3.2727814367303508e+003
  7.1402040389181775e+002  4.7615740389927332e+003
  7.3412941410891278e+002  3.8628591282107955e+003
  7.5554523603187874e+002  4.0060720410597819e+003
  7.7581421960041769e+002  4.4610683683195884e+003
  7.9465065192452028e+002  4.5441192789428105e+003
  8.1635636987271891e+002  4.8236669177684671e+003
  8.3653745741267016e+002  2.9048595383255479e+003
  8.5727807574434814e+002  3.4968432393822395e+003
  8.7782312405395783e+002  4.5464814232797753e+003
  8.9757064882408281e+002  4.9985765864565938e+003
  9.1818102991875855e+002  3.6743996917313443e+003
  9.3786039869373144e+002  4.0516990030540037e+003
  9.5926814766230814e+002  3.9604809051634775e+003
  9.7927382594245819e+002  3.5624043338363736e+003
  1.0005895242186079e+003  3.7985093699406862e+003
  1.0206585501160937e+003  6.3562106505365446e+003
  1.0402295243921844e+003  4.9916043328431415e+003
  1.0606015327172629e+003  5.4795884378354940e+003
  1.0819487941724583e+003  5.5663390120809436e+003
  1.1011648974017344e+003  4.4384898468806059e+003
  1.1224712245046744e+003  6.1770301582795792e+003
  1.1424717607465018e+003  4.8819274300063844e+003
  1.1643817721480989e+003  6.4380718701796141e+003
  1.1836256980315143e+003  6.3157557641591111e+003
  1.2046508658317216e+003  6.0625238203881408e+003
  1.2241659112625380e+003  5.9978843452699821e+003
  1.2445707322441626e+003  7.8970148146417296e+003
  1.2650153423624238e+003  6.7619794837685731e+003
  1.2858541049989753e+003  6.5127215095850906e+003
  1.3051497289072543e+003  5.8374204609136850e+003
  1.3258653898486900e+003  6.8437969030719123e+003
  1.3473209601620047e+003  6.2424508505950016e+003
  1.3668006054157631e+003  4.2730387616878525e+003
  1.3876496284399022e+003  6.0268798217826734e+003
  1.4080282179257165e+003  6.9132576769296002e+003
  1.4288280043670818e+003  6.8203444189736656e+003
  1.4484586297790672e+003  5.9217870558611703e+003
  1.4697332820355427e+003  6.9540653082317340e+003
  1.4892346360993251e+003  7.7311910013701745e+003
  1.5095097062242723e+003  7.8366585837956263e+003
  1.5305700530760823e+003  7.4084133397753039e+003
  1.5507539517956577e+003  8.1508155107877838e+003
  1.5709198320685371e+003  6.6775807340122637e+003
  1.5919618003347532e+003  8.5379473768474218e+003
  1.6119781745640628e+003  6.4943042967393585e+003
  1.6331609922108889e+003  8.8679069756320514e+003
  1.6529459534770397e+003  7.9284882622664463e+003
  1.6737687850626385e+003  7.0707101856562067e+003
  1.6948095869280005e+003  9.8413663182594883e+003
  1.7133268981962781e+003  8.1976036058029113e+003
  1.7340861185940382e+003  9.2199416424569154e+003
  1.7557480206929624e+003  6.7598481357861965e+003
  1.7749207898193802e+003  7.7480366669762216e+003
  1.7958840433949622e+003  9.6326008335907154e+003
  1.8164445616933863e+003  9.1005586469608315e+003
  1.8371561128084534e+003  1.0846285855613132e+004
  1.8563369781059198e+003  9.0702188686677055e+003
  1.8774151631469856e+003  7.9256483661349448e+003
  1.8975612627441483e+003  8.1072982212974148e+003
  1.9185216810655286e+003  1.0341330413292970e+004
  1.9386974813257259e+003  7.6748003145829571e+003
  1.9593954794703661e+003  9.8576533519156310e+003
  1.9799758292049946e+003  8.4672196030233408e+003
  2.0000375250388900e+003  8.8222737132220082e+003
  2.0200137535285994e+003  9.1246627282250138e+003
  2.0413949222184613e+003  9.5312156998074497e+003
  2.0603903979553079e+003  9.7737382292403618e+003
  2.0818459147047502e+003  7.6918541043878577e+003
  2.1022638044583114e+003  1.0686563772708238e+004
  2.1226478697393954e+003  1.0055508941434084e+004
  2.1428594120321013e+003  9.5903708542371787e+003
  2.1630899095679652e+003  9.3735527864797605e+003
  2.1836485380964637e+003  1.0123075125318903e+004
  2.2036766808878547e+003  1.1126763348549903e+004
  2.2245274874505744e+003  9.5060915100437469e+003
  2.2453170584450204e+003  1.1920815981824288e+004
  2.2649319301189425e+003  9.8560551834026173e+003
  2.2863054545053319e+003  9.7111163374902826e+003
  2.3059453657485742e+003  1.0735026939692174e+004
  2.3256573221804683e+003  1.0587043992040490e+004
  2.3468131286948951e+003  1.1411851224617039e+004
  2.3680833943650850e+003  8.3379445686022282e+003
  2.3888737952722099e+003  1.0531705215624404e+004
  2.4080335727961087e+003  1.0854832801020315e+004
  2.4291672002541582e+003  1.1055631025311182e+004
  2.4485404355463611e+003  1.1610012707534444e+004
  2.4694170488372556e+003  1.1710166837438124e+004
  2.4893431596861506e+003  1.0779655074475670e+004
  2.5106449210655801e+003  1.0333246731760060e+004
  2.5308717932259924e+003  1.3079492567532443e+004
  2.5522953486069623e+003  1.2681658595531095e+004
  2.5718480344700574e+003  1.2196300551645805e+004
  2.5920042634665142e+003  1.2329163596719236e+004
  2.6120177642728331e+003  1.1927521025601738e+004
  2.6325433422376968e+003  1.2724663307381625e+004
  2.6531388671330965e+003  1.3757671423178468e+004
  2.6730169586897046e+003  1.2398448164282800e+004
  2.6933670338970719e+003  1.4636225946653394e+004
  2.7140677429089183e+003  1.2510643627853417e+004
  2.7353629846322960e+003  1.3984059383524434e+004
  2.7556368475565778e+003  1.0385462278179300e+004
  2.7759470568515867e+003  1.4243321634868058e+004
  2.7959416119307143e+003  1.6172502490443105e+004
  2.8167305969722920e+003  1.2937244550060876e+004
  2.8374304792129719e+003  1.4329516730677675e+004
  2.8573362473117504e+003  1.2965878437867626e+004
  2.8777501913177248e+003  1.2797128498276896e+004
  2.8991082331975258e+003  1.3143771682207631e+004
  2.9187278457795405e+003  1.2581540927809565e+004
  2.9383612419446972e+003  1.2629174958804851e+004
  2.9591496463910671e+003  1.2370474295839012e+004
  2.9796196824378685e+003  1.3582182340339545e+004
  3.0000296780888448e+003  1.3942488639253797e+004
  3.0205787247973299e+003  1.3471671614155364e+004
  3.0400009570057368e+003  1.2707274821691648e+004
  3.0615017545641203e+003  1.3009060045891832e+004
  3.0815302949246611e+003  1.4421668999859094e+004
  3.1019531456858322e+003  1.5330181047503040e+004
  3.1222856642666634e+003  1.2071465181595600e+004
  3.1427218619445221e+003  1.5670749638788377e+004
  3.1633693824106995e+003  1.5446078228756340e+004
  3.1830268877861508e+003  1.4760034087113272e+004
  3.2040159082809814e+003  1.5397740950232745e+004
  3.2240935369255039e+003  1.5317529647299731e+004
  3.2452732974716569e+003  1.3808712215367346e+004
  3.2651978348209054e+003  1.3947512007389550e+004
  3.2858796274707665e+003  1.6384670392669232e+004
  3.3061626509370985e+003  1.6552010925790753e+004
  3.3264228152795640e+003  1.6559632401513674e+004
  3.3472594976003561e+003  1.7375169147710039e+004
  3.3679119794392236e+003  1.5684483578892432e+004
  3.3870976325713823e+003  1.4651943486961067e+004
  3.4083248870100761e+003  1.5715687026066598e+004
  3.4281763205926059e+003  1.5146291741449784e+004
  3.4488130924704010e+003  1.6399923093162837e+004
  3.4695496945181612e+003  1.6752725719343078e+004
  3.4906015467378061e+003  1.7311350233501653e+004
  3.5103628567642681e+003  1.5739611957061226e+004
  3.5296111660974493e+003  1.7432106770827886e+004
  3.5522084165630313e+003  1.6827401049834945e+004
  3.5714624272990495e+003  1.7760425157104368e+004
  3.5916719256287261e+003  1.8076937972443542e+004
  3.6125736502230798e+003  1.6524003317140956e+004
  3.6334324347003890e+003  1.8512036440428048e+004
  3.6530456367162178e+003  1.6769617199127424e+004
  3.6741715850465334e+003  1.7847661322829717e+004
  3.6940547662039407e+003  1.5924636907740674e+004
  3.7137666634831621e+003  1.6262912337607366e+004
  3.7345232538381124e+003  1.7185051807679643e+004
  3.7550601526571813e+003  1.6641407983395409e+004
  3.7759454355009657e+003  1.8216262082652094e+004
  3.7962472094347113e+003  1.7269003590287506e+004
  3.8161921313385046e+003  1.6621586286727033e+004
  3.8367747611289788e+003  1.8218882100646544e+004
  3.8571161997008221e+003  1.8497960493870174e+004
  3.8775616502434359e+003  1.7641911749981795e+004
  3.8978422352226921e+003  1.7480241680472285e+004
  3.9186808130617383e+003  1.7319601835286943e+004
  3.9393713908776776e+003  1.7892913026550872e+004
  3.9590180799714158e+003  1.9534244386193554e+004
  3.9799924058729739e+003  1.8028872722429936e+004
  3.9992121391635392e+003  1.7954489259067235e+004